,V1
1,39.0441676104574
2,18.5483639531561
3,9.25319192864064
4,6.41404532391222
5,5.01937446012165
6,4.66723530187721
7,2.69509531880741
8,2.02892116624859
9,1.92318225432378
10,1.68067190677877
11,1.45663034439451
12,1.31821243094538
13,1.17823051799846
14,0.833477949740531
15,0.636564292634395
16,0.599457141584357
17,0.533485226053194
18,0.409168290555314
19,0.370438730500594
20,0.344175580136178
21,0.284878398793745
22,0.200641035285054
23,0.125491077428008
24,0.110304621911914
25,0.0869412067274426
26,0.0407555744115569
27,0.0326233991788421
28,0.0307831924578308
29,0.0254025300988185
30,0.0239927302930925
31,0.0161119765401348
32,0.0154032384030927
33,0.011816302693286
34,0.0106669225895606
35,0.00833303596711901
36,0.00745902327824517
37,0.00656269523809206
38,0.00440982203168512
39,0.00333348425119276
40,3.55453927044795e-09
41,1.44160572171064e-27
42,5.40709849962743e-28
