,V1
1,31.8809495415248
2,19.958303558741
3,9.58470590233794
4,8.8425607013247
5,7.34881418473228
6,4.19276006984474
7,3.5085233900513
8,2.71967260491241
9,2.06349348817183
10,1.76665693951185
11,1.65797031634859
12,1.32682949453042
13,1.25362963577464
14,0.914258746718055
15,0.670768165304005
16,0.575192991926188
17,0.565330949201667
18,0.380717332818897
19,0.31924633849414
20,0.167130844346973
21,0.140945398979105
22,0.107433254548658
23,0.0227684933451995
24,0.00814331496882817
25,0.00462124236177791
26,0.00323510173781257
27,0.00257623810777583
28,0.00235426778262544
29,0.0019941290927453
30,0.00162981842324669
31,0.00136326406299861
32,0.00122414313269733
33,0.000973935974900895
34,0.000833936928353169
35,0.000744797693563987
36,0.000573739438982575
37,0.000520770367654994
38,0.000280600416914531
39,0.000268353832511396
40,2.18719369078574e-09
41,3.13287752583834e-28
42,4.77260987624538e-29
