6533.167 17750.832 6521.167 17708.168 6575.833 17700.168 6626.5 17712.168 6165.5 17637.5 6200.5 17649.5 6208.5 17612.5 6067.5 17019.5 6077.5 17042.5 6114.5 17026.5 6599.5 16680.5 6599.5 16712.5 6642.5 16699.5 4852.5 18380.5 4755.5 16724.5 4902.5 16759.5 4855.5 16369.5 5323.5 15529.5 5719.5 15907.5 5650.5 15575.5 6034.5 14655.5
6426.5 11138.5 6447.5 11087.5 6339.5 11075.5 6264.5 11057.5 6926.5 11216.5 6894.5 11219.5 6912.5 11186.5 7006.833 10550.5 6987.5 10578.5 6956.833 10544.5 6328.5 9807.5 6327.5 9848.5 6276.5 9826.5 8364.5 12119.5 9270.5 10487.5 8862.5 10451.5 9098.5 9471.5 8411.5 7793.5 7691.5 8313.5 7217.5 7857.5 6305.5 7065.5
8011.5 17102.832 7987.5 17073.5 7924.833 17162.832 7879.5 17181.5 8290.167 16922.832 8274.167 16950.832 8266.167 16897.5 8151.167 16499.5 8145.833 16531.5 8112.5 16511.5 7639.5 16396.5 7648.5 16428.5 7604.5 16438.5 9337.5 17029.5 9341.5 15805.5 9009.5 15953.5 8928.5 15429.5 8344.5 14965.5 7988.5 15465.5 7690.5 15113.5 6580.5 15053.5
7605.833 18384.168 7617.833 18340.168 7727.167 18350.832 7796.5 18336.168 7113.167 18412.832 7157.167 18407.5 7125.167 18375.5 7002.833 17788.168 7025.5 17812.168 7053.5 17781.5 7683.167 17295.832 7677.167 17320.5 7729.167 17305.168 6584.5 19499.5 5270.5 18335.5 5558.5 18119.5 5288.5 17249.5 5601.5 16167.5 6177.5 16047.5 6785.5 15623.5 7571.5 14615.5
7536.5 17368.5 7536.5 17317.5 7473.5 17308.5 7377.5 17290.5 8175.5 17372.5 8127.5 17382.5 8143.5 17338.5 8266.5 16649.5 8236.5 16679.5 8218.5 16637.5 7669 16010.5 7663 16052.5 7622 16039.5 9554.5 18271.5 10562.5 16775.5 10258.5 16527.5 10634.5 15727.5 10098.5 14037.5 9394.5 14149.5 8858.5 13559.5 7140.5 12811.5
7402.5 17715.5 7422.5 17635.5 7506.5 17631.5 7626.5 17659.5 6596.5 17849.5 6652.5 17861.5 6628.5 17805.5 6331.833 16841.5 6378.5 16888.168 6403.833 16826.832 7205.5 15840.167 7221.5 15889.5 7289.5 15862.833 4674.5 19211.5 3450.5 16931.5 3978.5 16847.5 3366.5 15803.5 4194.5 13451.5 4950.5 13823.5 5574.5 13067.5 7378.5 12021.5
6375.5 17751.5 6369.5 17701.5 6259.5 17691.5 6169.5 17679.5 6909.5 17906.5 6865.5 17898.5 6891.5 17866.5 7073.833 17127.168 7053.833 17160.5 7035.167 17107.168 6303.5 16577.5 6307.5 16613.5 6244.833 16605.5 7891.5 19084.5 9211.5 17604.5 8848.5 17386.5 9162.5 16464.5 8506.5 14832.5 7946.5 15120.5 7536.5 14591.5 6228.5 13103.5
7597.5 18797.5 7589.5 18749.5 7729.5 18733.5 7833.5 18709.5 6837.167 18997.832 6881.167 19005.832 6859.833 18952.5 6597.167 17988.832 6619.833 18023.5 6651.833 17982.168 7599.5 17072.5 7614.5 17135.5 7668.5 17111.5 6632.5 20045.5 4285.5 18459.5 4690.5 18479.5 4342.5 17387.5 4996.5 15245.5 6064.5 15887.5 6435.5 14943.5 7555.5 13743.5
7909.5 17273.5 7909.5 17205.5 7733.5 17213.5 7653.5 17221.5 8721.5 17529.5 8665.5 17529.5 8697.5 17461.5 9068.5 16505.5 9038.5 16517.5 9014.5 16481.5 8109.5 15787.5 8101.5 15819.5 8045.5 15775.5 9697.5 18655.5 11105.5 17311.5 10863.5 17064.5 11199.5 16173.5 10767.5 14725.5 10159.5 14845.5 10079.5 14605.5 10031.5 13183.5
7565.5 17728.5 7559.5 17659.5 7412.5 17689.5 7331.5 17674.5 7924.5 17708.168 7880.5 17746.832 7875.167 17668.168 8704.5 16199.5 8691.5 16228.5 8664.5 16193.5 7576.5 15881.5 7582.5 15926.5 7537.5 15907.5 10033.5 18883.5 10177.5 15571.5 9841.5 15763.5 9757.5 15751.5 9493.5 13747.5 8941.5 14275.5 8353.5 13987.5 7141.5 13315.5
7426.5 16583.5 7436.5 16541.5 7514.5 16527.5 7608.5 16547.5 7104.5 16520.5 7135.5 16534.5 7136.5 16493.5 7111.5 15919.5 7121.5 15954.5 7156.5 15929.5 7878.5 15359.5 7866.5 15390.5 7916.5 15383.5 6050.5 17148.5 5485.5 15906.5 5605.5 15786.5 5683.5 14736.5 6517.5 13560.5 6949.5 13824.5 7633.5 13638.5 8902.5 13572.5
7837.5 17810.832 7833.5 17778.832 7925.5 17824.168 7998.833 17833.5 7134.5 17798.5 7174.5 17806.5 7167.5 17771.5 7177.5 16922.5 7181.5 16962.5 7224.5 16938.5 7928.5 16472.5 7925.5 16505.5 7973.5 16493.5 6156.5 18694.5 5316.5 17434.5 5520.5 17266.5 5472.5 15958.5 7116.5 17038.5 6764.5 14846.5 6804.5 14742.5 7796.5 14094.5
7993.5 16862.5 7957.5 16856.5 7895.5 17000.5 7867.5 17034.5 8183.5 16542.5 8181.5 16566.5 8145.5 16547.5 7769.5 16205.5 7783.5 16243.5 7737.5 16249.5 7331.5 16602.5 7376.5 16611.5 7355.5 16656.5 8855.5 16478.5 8447.5 15386.5 8201.5 15494.5 7793.5 15146.5 6713.5 15392.5 6737.5 15728.5 6377.5 16100.5 6443.5 16568.5
7027.5 17317.5 7015.5 17272.5 6940.5 17275.5 6865.5 17272.5 7552.5 17326.5 7525.5 17338.5 7522.5 17287.5 7579.5 16735.5 7567.5 16759.5 7534.5 16711.5 7042.5 16129.5 7045.5 16155.5 6979.5 16144.5 8635.5 18059.5 9315.5 16859.5 9195.5 16723.5 9443.5 16507.5 9091.5 14843.5 8411.5 14979.5 8115.5 14635.5 7411.5 13579.5
6602.167 17369.832 6628.833 17309.832 6679.5 17303.168 6758.167 17316.5 6075.5 17260.5 6119.5 17262.5 6101.5 17204.5 5530.833 16506.168 5542.833 16520.832 5566.833 16494.832 6575.167 15990.5 6571.167 16026.5 6613.833 16013.167 4848.5 18613.5 3576.5 17041.5 3954.5 16777.5 3810.5 16041.5 4194.5 14703.5 5098.5 14785.5 5662.5 13969.5 7480.5 14317.5
7850.5 17264.5 7876.5 17210.5 7732.5 17266.5 7656.5 17278.5 8438.833 17374.5 8397.5 17374.5 8410.833 17337.168 8507.167 16716.832 8481.833 16752.832 8455.167 16710.168 7867.5 16124.5 7868.833 16160.5 7819.5 16141.833 9338.5 18485.5 10779.5 17167.5 10443.5 17029.5 10764.5 16211.5 10060.5 14317.5 9468.5 14669.5 8963.5 13811.5 7847.5 12695.5
7578.833 16641.168 7566.833 16597.168 7524.167 16619.832 7469.5 16647.832 7869.5 16428.5 7857.5 16451.5 7831.5 16410.5 7821.5 15876.5 7826.5 15897.5 7790.5 15882.5 7236.833 15959.5 7270.167 15980.833 7220.833 16006.167 9053.5 16165.5 8877.5 15293.5 8705.5 15313.5 8580.5 14972.5 7818.5 14528.5 7554.5 14768.5 7140.5 14666.5 6170.5 14882.5
7431.167 19007.5 7423.167 18967.5 7320.5 19007.5 7265.833 19027.5 7796.5 19005.5 7768.5 19012.5 7771.5 18979.5 7764.833 18369.168 7755.5 18392.5 7728.833 18371.168 7142.833 18026.168 7148.833 18049.832 7113.167 18046.5 8699.5 19664.5 9171.5 18344.5 8939.5 18304.5 8971.5 17696.5 8451.5 16712.5 7955.5 17064.5 7539.5 16552.5 6907.5 16120.5
5117.5 17408.832 5128.167 17363.5 5050.833 17350.168 4985.5 17374.168 5551.833 17502.168 5533.167 17502.168 5538.5 17463.5 5884.5 16788.5 5861.5 16813.5 5844.5 16774.5 5086.5 16331.5 5089.5 16365.5 5038.5 16350.5 6276.5 18510.5 7260.5 17214.5 6940.5 17054.5 7284.5 16286.5 6844.5 15078.5 6428.5 15302.5 5932.5 14766.5 5532.5 13934.5
5940.5 17221.5 5912.5 17177.5 5976.5 17167.5 6036.5 17157.5 5466.833 17204.5 5498.833 17224.5 5494.833 17177.832 5173.5 16500.5 5194.833 16525.832 5200.5 16493.5 5888.5 15987.5 5900.5 16029.5 5934.5 16015.5 4539.5 18346.5 3693.5 16606.5 4023.5 16522.5 3909.5 15736.5 4629.5 14992.5 4917.5 15016.5 5325.5 14566.5 5925.5 14776.5
3130.167 7337.833 3127.5 7319.167 3152.833 7308.5 3183.5 7299.167 2966.167 7348.5 2988.167 7355.167 2982.167 7335.167 2864.167 7029.167 2874.833 7042.5 2886.167 7028.5 3153.5 6802.5 3154.833 6818.5 3178.833 6807.833 2604.167 7583.5 2180.833 7159.5 2287.5 7082.167 2158.833 6837.833 2410.167 6222.833 2551.5 6360.167 2716.833 6062.5 2987.5 5751.833
6280.5 17514.5 6268.5 17436.5 6076.5 17508.5 5980.5 17520.5 6983.5 17501.5 6947.5 17510.5 6932.5 17456.5 7097.5 16247.5 7085.5 16295.5 7034.5 16265.5 6212.5 16278.5 6210.5 16326.5 6158.5 16286.5 8522.5 18412.5 9290.5 15635.5 9014.5 15563.5 8762.5 14675.5 7154.5 15923.5 6940.5 16129.5 7443.5 15222.5 6663.5 14382.5
3546.5 8286.5 3522.5 8272.5 3490.5 8254.5 3447.5 8254.5 3828.5 8267.5 3799.5 8276.5 3810.5 8253.5 4005.5 7788.5 4000.5 7802.5 3984.5 7784.5 3473.5 7502.5 3475.5 7523.5 3442.5 7514.5 4335.5 8818.5 4907.5 8066.5 4759.5 7958.5 5113.5 7362.5 4557.5 6386.5 4325.5 6618.5 4057.5 6382.5 3433.5 6486.5
6599.5 18898.5 6611.5 18850.5 6731.5 18862.5 6830.5 18874.5 5816.5 18616.834 5881.833 18647.5 5877.833 18580.834 5963.5 17363.5 5991.5 17395.5 6047.5 17363.5 7451.5 16922.5 7419.5 16982.5 7507.5 16986.5 3851.5 19079.5 3431.5 17609.5 3743.5 17531.5 5561.5 17219.5 5783.5 13301.5 6311.5 13901.5 7103.5 13424.5 8671.5 14063.5
6429.5 18043.5 6615.5 17929.5 6399.5 17941.5 6291.5 17929.5 7161.5 18049.5 7065.5 18061.5 7125.5 17977.5 7347.5 17197.5 7293.5 17257.5 7257.5 17191.5 6501.5 16285.5 6501.5 16333.5 6417.5 16285.5 8961.5 19481.5 10425.5 17369.5 9951.5 17159.5 10245.5 15935.5 8799.5 13487.5 7917.5 13991.5 7275.5 13619.5 7389.5 12791.5
4906.5 17364.5 4891.5 17325.5 4948.5 17331.5 5011.5 17322.5 4497.5 17264.5 4533.5 17280.5 4529.5 17240.5 4521.5 16602.5 4521.5 16646.5 4577.5 16642.5 5225.5 16514.5 5209.5 16550.5 5261.5 16558.5 3633.5 17420.5 3337.5 16274.5 3577.5 16274.5 3793.5 15590.5 4613.5 14978.5 4805.5 15210.5 5221.5 15074.5 5717.5 14990.5
5911.5 17373.5 5899.5 17286.5 5833.5 17298.5 5740.5 17343.5 6238.5 17172.5 6196.5 17208.5 6166.5 17145.5 6184.5 16398.5 6169.5 16452.5 6112.5 16413.5 5314.5 15960.5 5326.5 16017.5 5248.5 16026.5 7894.5 17347.5 8134.5 15551.5 7746.5 15655.5 7714.5 14891.5 6915.5 13681.5 6123.5 14095.5 5655.5 14329.5 5157.5 12823.5
3167.167 7356.167 3156.5 7332.167 3187.167 7329.5 3227.167 7334.833 2926.167 7405.5 2948.833 7397.5 2931.5 7381.5 2907.5 7046.833 2912.833 7066.833 2931.5 7052.167 3284.833 6854.833 3283.5 6864.167 3301.5 6864.833 2504.5 7916.5 2124.5 7272.5 2244.5 7176.5 2176.5 6778.5 2616.5 6128.5 2874.5 6244.5 3014.5 6120.5 3512.5 6048.5
3282.5 7512.5 3262.5 7548.5 3008.5 7672.5 2972.5 7670.5 3408.5 7508.5 3392.5 7520.5 3386.5 7490.5 3566.167 6913.5 3566.167 6925.5 3546.167 6920.167 3057.5 6792.5 3062.833 6809.833 3030.167 6808.5 4276.5 7855.5 4592.5 6779.5 4400.5 6725.5 4214.5 6275.5 3788.5 5678.5 3602.5 5834.5 3362.5 5603.5 2648.5 5447.5
3566.5 8462.5 3570.5 8426.5 3628.5 8414.5 3686.5 8412.5 3184.5 8378.5 3226.5 8398.5 3230.5 8346.5 3008.5 7788.5 3022.5 7814.5 3056.5 7788.5 3662.5 7368.5 3650.5 7408.5 3706.5 7404.5 2304.5 9142.5 1434.5 8000.5 1718.5 7834.5 1554.5 7074.5 2268.5 5810.5 2590.5 6112.5 3048.5 5738.5 3988.5 5140.5
3587.833 6954.5 3590.5 6927.833 3555.833 6929.167 3517.5 6938.5 3781 6950 3760 6952 3764.5 6931.5 3874.5 6624.5 3866.5 6641.5 3852.5 6622.5 3518.5 6474.5 3524.5 6488.5 3500.5 6490.5 4259.833 7265.167 4506.5 6628.5 4406.5 6616.5 4281.5 6268.5 4203.5 5954.5 4095.5 5954.5 3735.5 5798.5 3495.5 5910.5
6728.5 17382.5 6782.5 17316.5 6218.5 17370.5 6122.5 17346.5 6962.5 17442.5 6884.5 17460.5 6932.5 17382.5 7388.5 16677.5 7352.5 16719.5 7307.5 16674.5 6286.5 16349.5 6297.5 16391.5 6233.5 16385.5 8030.5 18887.5 8982.5 17015.5 9046.5 16679.5 9006.5 15755.5 8281.5 14693.5 7789.5 14573.5 7129.5 13961.5 5095.5 13423.5
3217.5 7516.5 3209.5 7491.5 3239.5 7473.5 3276.5 7468.5 2948.833 7597.833 2973.5 7596.5 2960.833 7577.167 2795.833 7087.167 2799.833 7100.5 2818.5 7085.833 3195.833 6893.167 3199.167 6907.167 3216.5 6900.5 2337.5 7980.5 1968.5 7260.5 2089.5 7196.5 2033.5 6800.5 2567.167 6295.167 2717.5 6302.5 2957.5 6554.5 2645.5 6142.5
5787.5 18336.5 5769.5 18264.5 5937.5 18336.5 6039.5 18309.5 5346.5 18348.5 5397.5 18354.5 5376.5 18306.5 5106.5 17412.5 5136.5 17466.5 5181.5 17424.5 6186.5 17137.5 6169.167 17181.5 6225.167 17180.168 3797.5 19341.5 3104.5 17627.5 3458.5 17513.5 3384.5 16767.5 4436.5 15422.5 4861.5 15315.5 5333.5 14995.5 7534.5 13738.5
2988.5 7524.5 3004.5 7487.5 3067.5 7488.5 3103.5 7491.5 2862.5 7510.5 2891.5 7517.5 2886.5 7485.5 2718.833 7125.5 2718.833 7148.167 2750.833 7137.5 3084.833 6893.167 3083.5 6911.833 3112.833 6910.5 2328.5 8240.5 1748.5 7238.5 1976.5 7146.5 1960.5 6850.5 2156.5 6214.5 2556.5 6358.5 2702.5 6229.5 3012.5 5765.5
3562.5 7636.5 3566.5 7612.5 3538.5 7612.5 3510.5 7614.5 3750.5 7612.5 3732.5 7618.5 3736.5 7598.5 3798.5 7254.5 3790.5 7268.5 3776.5 7254.5 3504.5 7046.5 3504.5 7058.5 3490.5 7054.5 4372.5 7878.5 4500.5 7186.5 4382.5 7194.5 4432.5 7050.5 4280.5 6448.5 4096.5 6448.5 3992.5 6288.5 3560.5 5888.5
3263.5 7624.5 3306.5 7584.5 3244.5 7600.5 3210.5 7604.5 3681.5 7628.5 3661.5 7628.5 3667.5 7610.5 3646.167 7217.167 3639.5 7233.167 3629.5 7218.5 3310.167 6840.5 3309.5 6852.5 3285.5 6847.167 4414.833 8128.5 4743.5 7383.5 4593.5 7308.5 4623.5 6599.5 3952.833 6320.833 3903.5 6245.5 3831.5 6125.5 3387.5 5636.5
3924.167 7525.167 3924.167 7495.833 3952.167 7461.167 3997.5 7462.5 3636.5 7634.5 3669.833 7638.5 3655.167 7618.5 3544.833 7173.833 3554.167 7195.167 3572.833 7179.167 4014.5 6820.5 4011.833 6835.167 4037.167 6837.833 3048.5 8536.5 2160.5 7204.5 2376.5 7156.5 2388.5 6574.5 3066.5 5974.5 3438.5 6136.5 3677.833 6116.833 3982.167 6066.167
3134.5 7050.5 3134.5 7035.5 3101.5 7024.5 3069.5 7026.5 3384.5 7056.5 3366.5 7058.5 3374.5 7038.5 3444.833 6735.5 3439.5 6752.833 3423.5 6735.5 3098.5 6515.5 3099.5 6533.5 3077.5 6526.5 3844.5 7465.5 4216.5 6837.5 4124.5 6793.5 4220.5 6501.5 3888.5 5829.5 3748.5 5849.5 3563.5 5711.5 3038.5 5285.5
3134.5 7367.5 3122.5 7346.5 3065.5 7351.5 3019.5 7362.5 3408.5 7296.833 3381.167 7301.5 3385.167 7280.167 3484 6873 3476 6889.5 3456.5 6872.5 3038.167 6645.167 3039.5 6667.833 3013.5 6656.5 4188.5 7822.5 4640.5 6891.833 4453.833 6793.167 4482.5 6289.5 3912.5 5587.833 3673.5 5684.5 3616.5 5562.5 3008.5 6126.5
3552.5 7858.5 3544.5 7821.5 3684.5 7876.5 3728.5 7874.5 3262.5 7763.5 3289.5 7781.5 3291.5 7750.5 3214.5 7247.5 3219.5 7272.5 3243.5 7259.5 3687.5 7099.5 3685.5 7127.5 3715.5 7123.5 2113.5 7995.5 2097.5 6767.5 2323.5 6753.5 2413.5 6297.5 3159.5 5739.5 3359.5 5953.5 3389.5 5943.5 4085.5 6077.5
3719.5 7526.5 3715.5 7504.5 3679.5 7494.5 3635.5 7490.5 3987.833 7481.167 3963.833 7489.167 3962.5 7461.167 4173.167 7043.833 4158.5 7067.833 4146.5 7038.5 3651.5 6721.5 3657.5 6743.5 3621.5 6733.5 4847.5 8182.5 5483.5 7170.5 5269.5 7122.5 5527.5 6690.5 5191.5 5592.5 4729.5 5814.5 4293.5 5422.5 3475.5 5068.5
3631.5 7908.5 3631.5 7868.5 3855.5 8000.5 3907.5 8020.5 3411.167 7888.167 3435.833 7892.167 3434.5 7865.5 3429.5 7394.5 3434 7416.5 3449 7405 3998.5 7405.5 3980.5 7419.5 4017.5 7436.5 2503.5 8579.5 2275.5 7331.5 2551.5 7331.5 2659.5 6855.5 3591.5 6203.5 3679.5 6479.5 3979.5 6362.5 4384.5 6269.5
3299.5 7173.5 3300.5 7152.5 3282.5 7135.5 3251.5 7135.5 3557.167 7198.833 3527.833 7200.167 3541.167 7180.167 3682.5 6841.5 3673.167 6852.167 3669.167 6838.833 3422.5 6642.833 3422.5 6657.5 3405.167 6652.167 4122.5 7604.5 4402.5 6980.5 4286.5 6948.5 4377.5 6623.5 4242.5 6008.5 3912.5 6168.5 3848.5 5986.5 3448.5 5818.5
3151.833 7071.833 3157.167 7047.833 3213.167 7069.167 3251.833 7081.167 2829.5 6952.5 2839.5 6961.5 2849.5 6946.5 2985.5 6518.5 2987.5 6534.5 3004.5 6528.5 3350.833 6519.5 3340.167 6534.167 3366.833 6540.833 2488.5 7151.5 2224.5 6365.5 2359.5 6347.5 2494.167 5954.167 3018.5 5668.5 3201.5 5875.5 3300.5 6301.5 3612.5 6025.5
3458.5 7692.833 3447.833 7678.167 3483.833 7659.5 3517.167 7660.833 3165.167 7739.833 3186.5 7741.167 3175.833 7723.833 3137.167 7312.167 3145.167 7327.5 3159.833 7310.833 3576.167 7148.5 3567.5 7159.833 3594.833 7164.5 2604.5 8088.5 2332.5 7228.5 2472.5 7212.5 2534.5 6801.5 2766.5 6317.5 3054.5 6453.5 3344.5 6183.5 4188.5 6039.5
3600.833 7949.833 3607.5 7920.5 3752.833 7992.5 3788.833 7991.167 3337.167 7929.5 3355.167 7936.167 3347.833 7914.167 3359.5 7578.5 3370.167 7599.167 3386.833 7582.5 3809.5 7413.5 3809.5 7430.5 3832.5 7427.5 2782.5 8193.5 2452.5 7509.5 2638.5 7497.5 2632.5 7029.5 3034.5 6483.5 3274.5 6756.5 3499.5 6648.5 3877.5 6429.5
3318.5 7387.5 3319.5 7365.5 3347.5 7367.5 3385.5 7366.5 3016.5 7355.5 3034.5 7363.5 3032.5 7338.5 3055.5 6985.5 3057.5 6998.5 3078.5 6992.5 3424.5 6854 3416.5 6865.5 3437 6866.5 2373.5 7504.167 2282.5 6723.5 2369.5 6699.5 2414.5 6458.5 2924.5 6204.5 3098.5 6218.5 3354.5 6068.5 3815.5 5975.5
3127.5 8076.5 3126.5 8049.5 2923.5 8108.5 2891.5 8096.5 3435 8099.5 3421.167 8100.167 3429.5 8085 3415.167 7654.167 3411.167 7667.5 3399.167 7653.5 2910 7571.5 2912 7587.5 2891 7578.5 3955.5 8496.5 4395.5 7878.5 4197.5 7770.5 4209.5 7248.5 3777.5 6564.5 3581.5 6772.5 3173.5 6650.5 2623.5 6428.5
3332.5 7284.5 3327.5 7273.5 3351.5 7265.5 3383.5 7263.5 3057.5 7378.5 3072.5 7374.5 3063.5 7366.5 3050.167 7057.167 3054.167 7065.167 3072.167 7057.833 3322 6727 3320 6736.5 3340.5 6733 2891.167 7857.167 2348.5 7462.5 2444.5 7286.5 2338.5 6798.5 2743.5 6065.5 2965.5 6218.5 3142.5 6049.5 3564.5 6073.5
8412.5 18028.5 8130.5 17899.5 8427.5 17956.5 8499.5 17971.5 7758.5 18229.5 7794.5 18211.5 7770.5 18196.5 7512.5 17515.5 7542.5 17536.5 7554.5 17503.5 8304.5 16927.5 8313.5 16975.5 8349.5 16972.5 7482.5 18864.5 6810.5 18288.5 6936.5 18120.5 6324.5 17610.5 6414.5 16326.5 6930.5 16392.5 7164.5 15594.5 7962.5 14808.5
8221.5 17001.5 8179.5 16965.5 8227.5 16943.5 8291.5 16937.5 7955.5 17047.5 7993.5 17035.5 7975.5 17011.5 7749.5 16689.5 7783.5 16717.5 7791.5 16693.5 8259.5 16523.5 8257.5 16571.5 8307.5 16557.5 7504.5 17619.5 6832.5 17007.5 7040.5 16907.5 6872.5 16503.5 7028.5 15727.5 7312.5 15803.5 7536.5 15387.5 8228.5 14727.5
9261.5 18447.5 9219.5 18415.5 9253.5 18383.5 9303.5 18389.5 8985.5 18537.5 9013.5 18529.5 8997.5 18507.5 8707.5 18117.5 8741.5 18135.5 8749.5 18105.5 9097.5 17669.5 9103.5 17711.5 9133.5 17695.5 8335.5 19285.5 7663.5 18445.5 7831.5 18337.5 7599.5 17941.5 7875.5 16987.5 8159.5 17163.5 8219.5 16875.5 8639.5 16067.5
9822.5 16392.5 9717.5 16317.5 9822.5 16329.5 9891.5 16326.5 9072.5 16566.5 9111.5 16560.5 9084.5 16521.5 8802.5 15789.5 8835.5 15822.5 8847.5 15795.5 9498.5 15186.5 9516.5 15240.5 9558.5 15222.5 8057.5 17442.5 7145.5 16098.5 7451.5 16020.5 7187.5 15378.5 7673.5 13944.5 8111.5 14364.5 8315.5 13890.5 9065.5 12624.5
9106.5 17562.5 9055.5 17517.5 9115.5 17499.5 9172.5 17526.5 8647.5 17673.5 8680.5 17661.5 8659.5 17634.5 8548.5 17082.5 8575.5 17109.5 8590.5 17082.5 9154.5 16584.5 9154.5 16638.5 9196.5 16623.5 8233.5 18240.5 7651.5 17496.5 7807.5 17388.5 7471.5 16752.5 7939.5 15726.5 8239.5 15816.5 8599.5 15360.5 9565.5 14946.5
7272.5 18132.5 7156.5 17956.5 7328.5 18064.5 7416.5 18064.5 6324.5 17704.5 6384.5 17732.5 6388.5 17680.5 6528.5 16560.5 6536.5 16628.5 6596.5 16600.5 7864.5 16532.5 7824.5 16608.5 7892.5 16604.5 4494.5 18432.5 3766.5 15904.5 4422.5 15936.5 4630.5 14558.5 6534.5 13098.5 7046.5 14090.5 7502.5 13610.5 9430.5 12810.5
10001 16318 9921 16262 10029 16234 10129 16206 9417 16466 9477 16470 9453 16406 9485 15442 9501 15510 9533 15482 9645 15036 9681 15080 9713 15064 7522.5 16822.5 7618.5 14510.5 7850.5 14526.5 8642.5 13882.5 9162.5 13318.5 9362.5 13286.5 9466.5 13182.5 8026.5 12896.5
8376.5 17792.5 8330.5 17762.5 8370.5 17728.5 8428.5 17720.5 8112.5 17858.5 8148.5 17854.5 8126.5 17830.5 7906.5 17468.5 7940.5 17490.5 7950.5 17452.5 8254.5 17124.5 8264.5 17166.5 8300.5 17152.5 7222.5 18422.5 6602.5 17582.5 6774.5 17502.5 6630.5 16986.5 6962.5 16016.5 7318.5 16204.5 7662.5 15900.5 8170.5 15928.5
7740.5 17308.5 7608.5 17224.5 7746.5 17203.5 7872.5 17287.5 6878.5 17118.5 6941.5 17127.5 6929.5 17076.5 6797.5 16188.5 6827.5 16221.5 6857.5 16200.5 7880.5 15909.5 7859.5 15978.5 7904.5 15972.5 5485.5 17823.5 5047.5 16359.5 5425.5 16251.5 5281.5 15381.5 6265.5 14013.5 6901.5 14379.5 7399.5 14091.5 8773.5 13647.5
9222.5 18430.5 9147.5 18382.5 9240.5 18370.5 9291.5 18343.5 8844.5 18373.5 8886.5 18376.5 8871.5 18343.5 8799.5 17905.5 8823.5 17935.5 8844.5 17917.5 9315.5 17665.5 9309.5 17707.5 9348.5 17704.5 8131.5 18781.5 7675.5 17925.5 7879.5 17877.5 7819.5 17349.5 8195.5 16595.5 8507.5 16719.5 8703.5 16387.5 9587.5 15761.5
8291.5 17185.5 8155.5 17017.5 8319.5 17129.5 8387.5 17117.5 7607.5 16865.5 7651.5 16893.5 7651.5 16857.5 7731.5 15849.5 7747.5 15909.5 7779.5 15893.5 8775.5 15691.5 8747.5 15747.5 8791.5 15751.5 6030.5 17183.5 6090.5 15407.5 6546.5 15335.5 6630.5 14477.5 7824.5 13733.5 7950.5 13955.5 8700.5 13931.5 9858.5 13913.5
10059.5 17459.5 10005.5 17432.5 10035.5 17390.5 10098.5 17372.5 9834.5 17666.5 9882.5 17627.5 9834.5 17621.5 9276.5 17288.5 9315.5 17303.5 9321.5 17273.5 9660.5 16661.5 9684.5 16691.5 9723.5 16661.5 9447.5 18742.5 8319.5 18126.5 8447.5 17942.5 8039.5 17390.5 8079.5 16334.5 8463.5 16358.5 8639.5 15926.5 8615.5 15294.5
7932.5 18484.5 7860.5 18439.5 7950.5 18418.5 8010.5 18412.5 7581.5 18568.5 7623.5 18562.5 7602.5 18541.5 7407.5 17998.5 7440.5 18031.5 7464.5 18010.5 7854.5 17608.5 7854.5 17674.5 7899.5 17656.5 6666.5 19452.5 5976.5 18078.5 6264.5 18048.5 6270.5 17214.5 6630.5 16530.5 7062.5 16788.5 7218.5 16518.5 8046.5 16074.5
7313.5 18178.5 7033.5 17962.5 7245.5 17994.5 7361.5 18066.5 6641.5 18262.5 6697.5 18230.5 6661.5 18206.5 6121.5 17526.5 6169.5 17558.5 6177.5 17526.5 6837.5 16588.5 6837.5 16640.5 6889.5 16628.5 6245.5 19357.5 5021.5 18597.5 5205.5 18317.5 4597.5 17493.5 5005.5 16237.5 5149.5 15965.5 5733.5 14981.5 7061.5 13905.5
6753.5 17669.5 6693.5 17624.5 6750.5 17591.5 6804.5 17567.5 6462.5 17636.5 6495.5 17642.5 6486.5 17618.5 6372.5 17273.5 6390.5 17303.5 6423.5 17276.5 6747.5 16934.5 6753.5 16982.5 6789.5 16976.5 6096.5 17965.5 5688.5 17489.5 5856.5 17441.5 5608.5 17045.5 5884.5 16421.5 6096.5 16537.5 6124.5 16353.5 6936.5 15551.5
9342.5 17874.5 9255.5 17820.5 9372.5 17781.5 9441.5 17751.5 8535.5 17910.5 8574.5 17910.5 8559.5 17883.5 8478.5 17106.5 8505.5 17145.5 8535.5 17112.5 9435.5 16812.5 9426.5 16860.5 9486.5 16860.5 7758.5 18737.5 6670.5 17833.5 6926.5 17489.5 6526.5 16545.5 7390.5 14747.5 7806.5 15107.5 8606.5 14579.5 9806.5 13963.5
6302.5 17476.5 6224.5 17392.5 6323.5 17449.5 6368.5 17461.5 5957.5 17374.5 6002.5 17383.5 5990.5 17347.5 5885.5 16933.5 5909.5 16963.5 5942.5 16939.5 6566.5 16897.5 6551.5 16942.5 6590.5 16948.5 5138.5 17733.5 4778.5 16849.5 5022.5 16789.5 5090.5 16281.5 5754.5 15773.5 5958.5 16009.5 6342.5 15719.5 7082.5 15799.5
7113.5 18165.5 7026.5 18153.5 7083.5 18084.5 7155.5 18051.5 6516.5 18546.5 6561.5 18507.5 6516.5 18489.5 6147.5 17877.5 6201.5 17898.5 6183.5 17844.5 6525.5 17184.5 6561.5 17223.5 6591.5 17199.5 6099.5 19917.5 4659.5 19133.5 4779.5 18941.5 4443.5 18125.5 4403.5 16541.5 4891.5 16637.5 4891.5 16393.5 5347.5 15015.5
6794.5 16068.5 6712.5 15988.5 6824.5 16014.5 6876.5 16040.5 6390.5 16035.5 6440.5 16039.5 6408.5 16007.5 6394.5 15599.5 6418.5 15639.5 6446.5 15617.5 6906.5 15285.5 6898.5 15337.5 6944.5 15331.5 5797.5 16600.5 5263.5 15646.5 5449.5 15598.5 5293.5 15166.5 5911.5 14044.5 6109.5 14338.5 6379.5 14218.5 7177.5 13738.5
6138.5 17130.5 5930.5 17026.5 6162.5 16986.5 6218.5 16858.5 5370.5 17287.5 5442.5 17269.5 5412.5 17227.5 5130.5 16417.5 5166.5 16459.5 5196.5 16417.5 6114.5 15775.5 6108.5 15841.5 6174.5 15829.5 3778.5 18615.5 3410.5 16943.5 3418.5 16575.5 3402.5 15887.5 3618.5 13173.5 4106.5 13701.5 4970.5 13325.5 7474.5 12373.5
7645.5 17324.5 7565.5 17236.5 7663.5 17248.5 7745.5 17242.5 7017.5 17124.5 7051.5 17142.5 7049.5 17104.5 7047.5 16344.5 7075.5 16376.5 7107.5 16354.5 7851.5 15898.5 7837.5 15956.5 7897.5 15946.5 5351.5 17744.5 4907.5 15956.5 5357.5 15992.5 5243.5 15104.5 6359.5 13982.5 6647.5 14402.5 6659.5 13916.5 7847.5 12578.5
6560.5 16952.5 6450.5 16788.5 6580.5 16888.5 6650.5 16888.5 6032.5 16672.5 6058.5 16678.5 6060.5 16646.5 6162.5 16092.5 6174.5 16120.5 6202.5 16114.5 6950.5 15888.5 6934.5 15928.5 6982.5 15928.5 4996.5 17168.5 4696.5 15812.5 4978.5 15818.5 5116.5 15062.5 5776.5 14408.5 6154.5 14636.5 6580.5 14312.5 7528.5 13922.5
5661.5 16238.5 5595.5 16184.5 5664.5 16166.5 5736.5 16145.5 5187.5 16205.5 5229.5 16202.5 5217.5 16169.5 4932.5 15485.5 4959.5 15518.5 4986.5 15494.5 5640.5 15494.5 5640.5 15542.5 5688.5 15545.5 3805.5 16741.5 3439.5 15343.5 3703.5 15343.5 3631.5 14677.5 4399.5 13867.5 4765.5 14065.5 5137.5 13759.5 6475.5 13609.5
7268.833 17364.5 7268.833 17324.5 7274.167 17283.168 7326.167 17289.832 6991.5 17427.832 7022.167 17421.168 7006.167 17403.832 6824.833 17059.832 6855.5 17079.832 6856.833 17047.832 7184.833 16698.5 7196.833 16733.168 7231.5 16719.832 6771.5 17883.5 6179.5 17479.5 6255.5 17363.5 5935.5 17015.5 5983.5 16191.5 6243.5 16159.5 6411.5 15767.5 6963.5 15075.5
7255.5 17488.5 7096.5 17392.5 7261.5 17413.5 7339.5 17410.5 6508.5 17455.5 6550.5 17446.5 6526.5 17419.5 6418.5 16705.5 6454.5 16741.5 6478.5 16714.5 7363.5 16198.5 7348.5 16252.5 7408.5 16237.5 5356.5 18495.5 4204.5 17031.5 4548.5 16855.5 4244.5 15911.5 5036.5 14215.5 5548.5 14487.5 6436.5 13895.5 8316.5 13229.5
5750.5 16999.5 5624.5 16852.5 5768.5 16942.5 5852.5 16966.5 4928.5 16819.5 4976.5 16819.5 4946.5 16783.5 4868.5 15979.5 4904.5 16027.5 4928.5 15994.5 5789.5 15427.5 5789.5 15496.5 5837.5 15490.5 3902.5 18115.5 2646.5 16435.5 3054.5 16291.5 2702.5 15323.5 3662.5 13423.5 4022.5 13815.5 4342.5 13191.5 5862.5 11519.5
7811.5 16772.5 7709.5 16742.5 7814.5 16673.5 7895.5 16694.5 7192.5 16907.5 7144.5 16871.5 7084.5 16931.5 6916.5 16082.5 6955.5 16121.5 6994.5 16076.5 7696.5 15500.5 7702.5 15572.5 7759.5 15536.5 7638.5 18879.5 4894.5 16471.5 5198.5 16279.5 4846.5 15287.5 5814.5 14337.5 6286.5 14353.5 6550.5 13569.5 7638.5 13313.5
6997.5 18567.5 6837.5 18439.5 7005.5 18505.5 7083.5 18499.5 6321.5 18421.5 6359.5 18433.5 6357.5 18397.5 6331.5 17615.5 6351.5 17657.5 6381.5 17635.5 7173.5 17407.5 7163.5 17457.5 7219.5 17459.5 4940.5 18862.5 4550.5 17278.5 4838.5 17272.5 4796.5 16516.5 5858.5 15364.5 6116.5 15670.5 6494.5 15244.5 7952.5 14374.5
7250.5 16011.5 7166.5 15921.5 7283.5 15915.5 7367.5 15954.5 6470.5 16083.5 6536.5 16080.5 6515.5 16038.5 6323.5 15009.5 6359.5 15054.5 6386.5 15015.5 7415.5 14313.5 7415.5 14373.5 7481.5 14358.5 4788.5 17257.5 3836.5 15209.5 4268.5 15137.5 4004.5 14025.5 5156.5 11749.5 5916.5 12373.5 6100.5 12045.5 7052.5 10909.5
7525.5 17223.5 7525.5 17179.5 7501.5 17091.5 7577.5 17143.5 7074.5 17420.5 7113.5 17399.5 7089.5 17372.5 6681.5 16769.5 6714.5 16790.5 6723.5 16760.5 7276.5 16094.5 7292.5 16134.5 7324.5 16118.5 6194.5 18528.5 5002.5 17408.5 5338.5 17264.5 4922.5 16616.5 5042.5 15464.5 5522.5 15352.5 5698.5 14750.5 5906.5 13342.5
7765.5 18301.5 7613.5 18197.5 7761.5 18193.5 7837.5 18213.5 6909.5 18521.5 6965.5 18501.5 6937.5 18473.5 6789.5 17713.5 6825.5 17737.5 6837.5 17697.5 7493.5 16941.5 7517.5 17001.5 7573.5 16973.5 5834.5 19762.5 4670.5 18448.5 4982.5 18238.5 4394.5 17440.5 4658.5 15395.5 5294.5 15569.5 5690.5 14663.5 6656.5 13187.5
6981.5 17462.5 6819.5 17328.5 6999.5 17416.5 7059.5 17350.5 6417.5 17314.5 6451.5 17324.5 6449.5 17284.5 6407.5 16666.5 6431.5 16688.5 6455.5 16676.5 7059.5 16754.5 7047.5 16800.5 7105.5 16792.5 5601.5 17789.5 4953.5 16661.5 5205.5 16613.5 5199.5 15917.5 5961.5 14933.5 6207.5 15119.5 6771.5 14705.5 7623.5 14231.5
7321.5 17723.5 7255.5 17666.5 7306.5 17612.5 7411.5 17633.5 6676.5 17885.5 6721.5 17864.5 6688.5 17846.5 6493.5 17306.5 6538.5 17336.5 6553.5 17291.5 7177.5 16520.5 7180.5 16580.5 7237.5 16553.5 5771.5 19213.5 4443.5 18021.5 4795.5 17797.5 4251.5 17061.5 4419.5 15113.5 5291.5 15257.5 5427.5 14785.5 6907.5 13149.5
7240.5 18248.5 7194.5 18186.5 7248.5 18186.5 7304.5 18178.5 6774.5 18164.5 6808.5 18170.5 6804.5 18140.5 6842.5 17734.5 6860.5 17764.5 6882.5 17740.5 7264.5 17410.5 7266.5 17452.5 7306.5 17442.5 6012.5 18606.5 5544.5 17790.5 5744.5 17714.5 5580.5 17222.5 6136.5 15990.5 6472.5 16322.5 6720.5 16030.5 7804.5 15482.5
7795.5 16961.5 7826.5 16911.5 7768.5 16894.5 7672.5 16892.5 8319.5 16990.5 8272.167 16990.168 8298.5 16953.832 8476.833 16035.5 8465.5 16068.833 8436.167 16037.5 7623 15702 7632.5 15728 7588.5 15724.5 9082.5 18126.168 10206.834 16636.832 9816.166 16366.167 10055.5 15398 9083.834 13816.167 8508.167 14244.833 8008.5 13717 6549.167 13504.833
7290.5 16943.5 7273.833 16914.168 7433.5 16990.5 7498.5 17028.5 6811.5 16875.5 6838.833 16884.832 6836.833 16847.5 6965.5 16297.5 6976.5 16338.5 7014.5 16310.5 7726.5 16218.167 7707.833 16247.5 7747.833 16251.5 6073.167 17251.5 5670.5 16210.5 5969.167 16142.5 5936.5 15255.5 6893.5 14297.833 7209.5 14789.5 7828.167 14445.5 9142.5 14818.167
7757.167 16810.168 7738.5 16746.168 7803.833 16735.5 7873.167 16774.168 7532.5 16763.5 7575.5 16767.5 7556.5 16720.5 7488.5 16350.5 7511.5 16387.5 7542.5 16347.5 7930 16175 7925 16223 7978.5 16207.5 7007.167 17529.832 6108.5 16820.5 6342 16606 5963.833 15856.833 6415.5 14395.5 7269.5 14888.5 7465.5 14564.5 9020.5 14595.5
1024.5 3058.833 1047.167 3053.5 1071.167 3066.833 1077.833 3080.167 1132.5 3072.167 1147.167 3069.5 1137.833 3054.833 1185.833 2877.5 1201.833 2874.833 1199.167 2884.167 991.167 2805.5 1004.5 2792.167 1012.5 2808.167 1467.5 3224.5 1603.5 2832.5 1527.5 2816.5 1543.5 2664.5 1355.5 2332.5 1255.5 2428.5 1079.5 2380.5 867.5 2404.5
873.5 3017.5 888.5 3015.5 901.5 3025.5 903.5 3036.5 1003.5 3023.5 1015.5 3021.5 1009.5 3013.5 999.5 2883.5 1007.5 2874.5 995.5 2869.5 848.833 2827.833 848.167 2818.5 838.167 2823.833 1301.5 3147.5 1331.5 2775.5 1289.5 2799.5 1265.5 2643.5 1079.5 2538.5 1034.5 2586.5 971.5 2541.5 785.5 2409.5
881.167 2972.167 895.833 2969.833 912.5 2969.5 907.167 2977.167 975.5 2971 982.5 2967.5 977.25 2962.5 981.833 2870.833 977.5 2877.833 971.5 2870.167 870 2825.5 877.5 2822.5 878.5 2829.5 1152.833 3056.833 1224.833 2870.167 1188.833 2848.833 1198.167 2731.5 1043.5 2568.833 1008.833 2592.833 936.833 2602.167 768.833 2534.167
3429.5 9138.5 3351.5 9058.5 3463.5 9104.5 3533.5 9102.5 3021.5 9038.5 3045.5 9040.5 3039.5 9014.5 2971.5 8370.5 2985.5 8408.5 3015.5 8394.5 3703.5 8188.5 3695.5 8228.5 3729.5 8228.5 2476.5 9659.5 1582.5 8777.5 1714.5 8555.5 1504.5 7763.5 2566.5 6929.5 2890.5 6671.5 3148.5 7001.5 4024.5 5657.5
3927.5 7150.5 3869.5 7096.5 3929.5 7104.5 3987.5 7118.5 3471.5 7160.5 3513.5 7166.5 3499.5 7142.5 3387.5 6644.5 3407.5 6662.5 3421.5 6644.5 3817.5 6138.5 3819.5 6170.5 3853.5 6168.5 2385.5 7801.5 1849.5 6781.5 2125.5 6657.5 1945.5 6057.5 2525.5 5089.5 2789.5 5225.5 3005.5 4881.5 3569.5 4118.5
3680.5 7966.167 3647.167 7946.167 3696.5 7932.833 3736.5 7931.5 3387.167 8050.167 3415.167 8048.833 3399.167 8024.833 3211.167 7614.167 3221.833 7630.167 3233.833 7618.167 3693.833 7173.167 3695.167 7194.5 3716.5 7194.5 2802.5 8680.5 2194.5 7984.5 2338.5 7892.5 2034.5 7556.5 2078.5 6328.5 2542.5 6436.5 2794.5 6071.5 3118.5 5278.5
3638.5 7636.5 3627.833 7619.167 3641.167 7600.5 3662.5 7600.5 3399.833 7663.167 3421.167 7660.5 3410.5 7648.5 3262.5 7341.833 3274.5 7355.167 3283.833 7343.167 3574.5 7142.5 3574.5 7159.833 3593.167 7154.5 3101.5 8181.5 2507.5 7701.5 2579.5 7596.5 2396.5 7248.5 2555.5 6465.5 2768.5 6471.5 2984.5 6279.5 3434.5 5697.5
3457.5 7874.5 3345.5 7787.5 3464.5 7834.5 3494.5 7797.5 3142.5 7812.5 3155.5 7815.5 3150.5 7802.5 3115.5 7409.5 3122.5 7427.5 3130.5 7416.5 3574.5 7271.5 3572.5 7288.5 3589.5 7287.5 2600.5 8131.5 2382.5 7343.5 2528.5 7305.5 2528.5 7083.5 2884.5 6626.5 3010.5 6720.5 3320.5 6436.5 3824.5 6225.5
3665.5 7830.833 3624.167 7782.833 3666.833 7784.167 3701.5 7772.167 3353.5 7777.5 3373.5 7777.5 3365.5 7760.167 3276.167 7446.833 3289.5 7460.167 3300.167 7444.167 3662.833 7131.5 3660.167 7156.833 3682.833 7155.5 2807.5 8343.5 2276.5 7620.5 2450.5 7533.5 2324.5 7215.5 2534.5 6450.5 2846.5 6519.5 3122.5 6216.5 3773.5 5769.5
3077 6901.5 3023 6859 3077 6876.5 3095.5 6861.5 2874 6856 2881 6857 2880 6850.5 2849 6615 2854 6625 2860.5 6619.5 3118 6538 3115 6552.5 3127.5 6550.5 2598.5 7026.5 2378.5 6652.5 2502.5 6600.5 2454.5 6384.5 2656.5 5982.5 2784.5 6050.5 2986.5 5892.5 3406.5 5816.5
3778.167 7399.5 3751.5 7363.5 3780.833 7310.167 3804.833 7310.167 3413.5 7396.833 3429.5 7394.167 3421.5 7384.833 3352.167 6991.5 3358.833 7004.833 3372.167 6995.5 3834.833 6572.833 3838.833 6595.5 3850.833 6588.833 2769.5 7938.5 2394.5 7062.5 2565.5 7023.5 2520.5 6552.5 3069.5 6000.5 3306.5 6204.5 3579.5 5913.5 4071.5 5643.5
2936.833 7442.167 2884.167 7411.5 2942.833 7424.833 2958.833 7424.833 2651.5 7483.5 2662.167 7483.5 2656.167 7476.167 2645.5 7225.167 2660.833 7239.167 2666.833 7231.167 2912.833 6962.833 2913.5 6974.833 2923.5 6971.5 2376.5 7702.5 2178.5 7372.5 2248.5 7324.5 2066.5 7120.5 2162.5 6417.5 2408.5 6529.5 2632.5 6347.5 3034.5 6159.5
1192.5 4418.5 1193.5 4405.5 1210.5 4408 1226 4409.5 1082.167 4418.5 1093.167 4421.833 1095.167 4409.833 1081.5 4302.5 1094.833 4312.5 1095.833 4297.5 1214.167 4242.5 1213.167 4255.833 1226.833 4252.167 898.5 4538.5 791.5 4314.5 845.5 4286.5 799.5 4222.5 881.5 3942.5 975.5 3982.5 1063.5 3898.5 1331.5 3854.5
712.5 2091.25 713 2086.25 708 2081.25 697.25 2078.5 745.833 2107.5 740.167 2105.833 744.833 2103.833 806.167 2036.833 802.5 2040.167 799.5 2033.833 740.25 1943 739 1950.25 734 1946.25 824.833 2219.167 940.833 2112.5 918.167 2089.833 954.167 2033.833 936.833 1908.5 834.167 1923.167 836.833 1848.5 774.167 1785.833
713.5 2236.5 714.5 2230.167 704.833 2227.5 700.167 2226.833 766.833 2246.167 761.833 2246.167 764.5 2239.833 778.75 2161.25 775.5 2165.25 772.25 2159 692.5 2115.5 693.167 2121.833 686.5 2119.5 854.5 2348.5 966.5 2207.5 939.5 2186.5 959.5 2117.5 882.5 1952.5 846.5 1969.5 787.5 1939.5 647.5 1883.5
