,V1
1,31.4731462421052
2,17.6530785686743
3,10.3881698657933
4,7.92581269897662
5,5.77924396216714
6,4.56231991201666
7,3.88141118129254
8,2.84764310537288
9,2.47179867021376
10,2.35612922010797
11,1.90671911180163
12,1.72573777124348
13,1.35971479450391
14,1.21031418276683
15,1.05798643096331
16,0.865499141348143
17,0.678587621647796
18,0.529591187531698
19,0.392384409031227
20,0.254454989107162
21,0.181334714872894
22,0.17023518690396
23,0.124150624085375
24,0.095251798002107
25,0.0368009212665202
26,0.0169817655965926
27,0.013346535060803
28,0.00863322255179966
29,0.00669815358883446
30,0.00566754884220227
31,0.00507403360851944
32,0.00480081563894088
33,0.0032249935349039
34,0.00255545131122221
35,0.00169763092630747
36,0.00122621396544585
37,0.0011395381324627
38,0.000802003965396699
39,0.000635739539426962
40,4.19406944203316e-08
41,9.50947841171321e-28
42,1.9679318630699e-28
