            chr    pos   lod
c1.loc43      1  43.00 2.258
2_684451      2   1.84 0.645
c3.loc64      3  64.00 0.913
12_9215138    4  44.60 1.318
5_22996462    5  73.02 0.545
c6.loc17      6  17.00 1.939
7_25059843    7 105.77 2.645
c8.loc19      8  19.00 1.343
c9.loc31      9  31.00 1.016
10_1368821   10   5.84 1.528
c11.loc74    11  74.00 0.759
c12.loc28    12  28.00 1.681
13_28046237  13  88.30 0.879
14_27052967  14  79.72 0.600
c15.loc81    15  81.00 0.600
c16.loc22    16  22.00 1.409
c17.loc22    17  22.00 0.897
c18.loc6     18   6.00 1.012
c19.loc20    19  20.00 0.747
