911.833 2898.167 905.833 2896.167 903.5 2906.833 905.833 2916.833 923.167 2835.167 922.167 2841.167 914.5 2836.833 837.833 2812.167 844.833 2818.167 837.5 2820.833 778.167 2906.833 785.167 2907.167 783.5 2914.167 1028.833 2750.167 890.167 2620.833 866.167 2648.833 773.5 2622.5 608.5 2692.5 633.5 2741.5 585.5 2775.5 490.5 2892.5
1111 2819.5 1103 2819.5 1100 2808.5 1103 2799 1104 2896.5 1106 2888.5 1095 2890 956.167 2893.5 963.833 2892.5 958.833 2884.833 937.25 2741.5 942.75 2745.75 945.25 2737 1191.833 3105.833 876.5 3186.5 867.5 3126.5 720.5 3088.5 580.5 2859.5 660.5 2805.5 658.5 2683.5 765.5 2593.5
1051.5 2786.5 1045.5 2790.167 1040.5 2797.5 1040.833 2805.167 1048.833 2754.167 1050.5 2760.5 1042.167 2758.5 973 2734.75 979.25 2738.5 975.5 2742.75 902 2808.25 908 2808 906.25 2812.75 1152.5 2669.5 993.5 2563.5 989.5 2601.5 912.5 2567.5 775.5 2576.5 800.5 2660.167 739.167 2685.5 568.5 2811.5
972.167 2738.167 965.167 2734.5 958.5 2740.833 975.833 2748.833 998.5 2686.5 997.5 2693 988.5 2688.5 918.5 2640.5 924.5 2646 914.5 2651 839.833 2723.833 845.833 2725.5 842.5 2731.167 1149.167 2623.5 1046.5 2452.833 1002.5 2472.833 914.5 2416.833 718.5 2447.5 709.5 2540.5 658.5 2563.5 559.833 2696.833
880 2804.667 874.5 2802.5 871.833 2811.667 874.5 2819 885.5 2752 885.333 2758 879 2755.833 819.333 2744.333 824.667 2748.5 820.333 2753.5 773.5 2819.5 779.833 2820.167 778.333 2825.833 936.167 2683.833 866.833 2627.833 848.5 2648.5 778.5 2621.5 690.167 2667.5 705.5 2692.5 615 2736 601.5 2786.5
978.75 2821.25 973 2820.5 964.75 2816.5 962.25 2808 977 2844 980.5 2837 970.75 2836.5 905.25 2891.25 911.25 2888.25 906 2883.75 860.25 2828 868.75 2827 861 2820.75 1031.5 2976.5 906.5 3061.5 898.5 3037.5 841 3033.5 677.5 3016.5 700.5 2977.5 645.5 2944.5 550.833 2896.833
1169.5 2874.833 1158.167 2870.833 1150.833 2881.5 1153.5 2894.833 1190.5 2800.833 1188.833 2808.833 1181.5 2801.167 1081.75 2742.75 1087.5 2751.5 1080.5 2756 978.5 2853 988.25 2854 983.5 2861.75 1405.5 2678.5 1222.833 2452.5 1190.167 2499.833 1080.5 2427.5 772.5 2481.5 825.5 2593.5 732.5 2665.5 540.5 2900.167
1124.5 2728.75 1114 2735 1108.25 2749 1107 2759.5 1125 2663.75 1126.25 2671.5 1119.5 2669.75 988.167 2624.667 994 2626.5 989.5 2632.167 919 2766 925.5 2765.75 923.75 2772.5 1268 2444.5 995.167 2351.833 989.5 2404.167 872.833 2381.167 657.5 2490.5 692.833 2552.5 619 2580 526.5 2810.5
1064.75 2908 1058 2906 1057 2896.25 1058.5 2888.25 1076.5 2970.5 1075.167 2965.5 1068.167 2968.833 995.875 2979.875 1000.875 2975.625 994.75 2971.125 927.625 2898.25 934.25 2898.125 932 2892.25 1183.5 3007.5 1110.5 3166.5 1068.5 3134.5 953 3195 752.5 3154 766 3094 694.5 3045.5 555.5 2857
1049.167 2887.167 1042.5 2885.167 1044.5 2850.5 1042.167 2843.167 1058.833 2930.833 1057.167 2923.833 1049.5 2928.5 987.833 2966.667 991.5 2961.333 982.833 2958.167 911.333 2867.833 917 2867.5 912.167 2857.5 1217.167 3030.5 1059.167 3169.167 1037.167 3139.833 959 3183.5 734 3161.5 766.5 3085.5 683.5 3038.5 606.5 2885.5
1054.5 2798.167 1049.167 2799.167 1049.833 2826.833 1052.167 2835.833 1043.5 2726.833 1045.5 2732.833 1036.833 2730.833 937.25 2684 943.25 2688.75 937.5 2693.75 871.5 2817.833 878.167 2818.167 876.5 2823.167 1210.833 2578.5 1008.167 2454.5 998.833 2493.167 961.5 2465.167 702.5 2488.5 692.5 2580.5 572.5 2676.5 484.5 2872.5
856 2853.667 850.167 2852.167 848 2840.833 848 2833.5 849.667 2897.5 852.333 2893.833 845 2892 789.75 2910.375 794.25 2907.125 789.375 2903.5 743.5 2844.333 749.667 2843.917 747.083 2836.083 908 2992 816.167 3066.5 804.833 3041.167 734.5 3062.5 612 3018.5 628.5 2975 584 2933.5 515 2804.5
1042 2809.5 1034 2815 1038 2833 1039 2845 1036.5 2755 1037.75 2762.5 1029.75 2761 923.833 2730.5 930.833 2733.333 926.667 2738.833 894.333 2847.333 900.833 2847.5 897.833 2854.667 1163 2612.5 941.5 2491 937.5 2528 842 2508.5 663 2589.5 694.833 2638.833 584.5 2689.5 460.5 2835.5
1099.167 2864.833 1093.5 2870.833 1094.833 2878.833 1096.833 2887.5 1091.25 2814.25 1093.25 2820.75 1086 2818 1024.333 2812 1029.167 2814 1025.333 2821.667 981.125 2896.5 986.25 2896.75 985.25 2903 1199.5 2676.5 1057.5 2555.5 1038.5 2606.5 942 2565.5 725.5 2655 779.5 2728.5 708.833 2772.833 571.5 2946.5
1168.5 2786 1161.5 2789.5 1167.5 2819 1168 2828 1181.5 2683.75 1181.25 2690 1176.25 2687 1045.667 2681.833 1051.5 2684.167 1045.333 2688.833 958.167 2828.167 965.333 2827.333 961.5 2834.667 1301.5 2506.833 1068.167 2404.167 1048.167 2466.5 939.5 2421.167 714.5 2539.833 767.167 2625.833 691.5 2698.833 513.5 2865
946.5 2883.5 941.833 2879.833 938.5 2868.5 938.5 2860.167 948.5 2948.833 950.167 2943.833 943.167 2943.5 862.5 2973.5 866.5 2969.833 860.667 2965.167 829.25 2873.5 836 2873.5 833.25 2866.75 1008 3051 890.833 3098.833 876.167 3087.5 822.833 3114.833 680.5 3081.5 707.5 3040.5 624 2978.5 572.833 2876.5
1017.5 2908.5 1011.25 2910 1010 2895.5 1011 2887 1031.25 2951.25 1031.75 2945 1024.5 2945.5 958 2968.333 962.833 2964.333 957.167 2961.333 910.667 2880.167 916.667 2881.5 914.167 2874.833 1125.5 3104.5 946.5 3185.5 939.5 3140.5 856.167 3134.833 730.5 3111.5 750.5 3038.5 680.5 3001.5 554.5 2877.5
882.5 2806.25 879 2807.25 876 2814.75 877.25 2821.25 886.25 2774.5 885.5 2779.75 881.5 2776.5 842.25 2762.75 846.375 2766.625 840.875 2769 808.125 2821.125 813.125 2820.5 811.5 2825.625 971 2715.75 897 2622.25 876.25 2636.75 784 2613.5 689.5 2646.833 693.167 2700.833 656.167 2736.833 594.5 2855.5
1060.667 2902.833 1053.333 2900.833 1047.333 2891.833 1046.5 2880 1073 2990.667 1073.5 2982.5 1067.5 2987.333 975.333 2989.5 981 2985.667 974 2982 910 2895.875 914.625 2896.125 911.125 2887.875 1155.5 3071.5 1037.5 3233.5 1014.5 3198.5 897 3228 700.833 3134.167 739.5 3083.833 674.833 3028.5 546.5 2904
910.5 2831.25 903.5 2831.75 902.25 2848.75 903.25 2855.75 914.333 2777 915.167 2784.167 909.333 2780.667 841.5 2781.167 847 2783.167 843.167 2786.833 806.5 2864.167 811.167 2863.833 809.667 2869.667 970.833 2648.5 831.5 2632.5 829.5 2657.167 771.5 2610.5 684.5 2650.5 690.5 2671.5 599.5 2761.5 559.5 2899.5
1171.75 2885.25 1166.5 2888.5 1160.25 2881.25 1159.5 2872 1199.75 2960 1199.5 2954 1193 2956.5 1115.333 2992.833 1118.5 2987 1111.5 2985.667 1009.333 2921.833 1014.5 2920.5 1009.5 2914.667 1336.5 3066.5 1215.5 3221.5 1189.5 3193.5 1104.5 3259.5 864.5 3244.5 887.5 3165.5 799.5 3127.5 606.5 3024.5
969.25 2889.25 961 2887.75 955.75 2889.5 955.25 2901 985.75 2864.25 986 2869.75 979.75 2863.75 925.667 2823.333 929.5 2827.667 924.667 2829.667 884 2894.667 889 2893.833 888 2899.333 1090.167 2790.833 998.833 2665.5 962.833 2684.833 905.5 2648.833 706.167 2713.5 743.5 2767.5 713.5 2847.5 671.5 2921.5
1025.25 2784.5 1018.5 2782.25 1011.25 2771.5 1012.25 2764.5 1029.5 2836.25 1029.75 2830.5 1022.75 2830.5 933.833 2909.5 938.833 2905.833 933.5 2903 849.833 2808.667 855.333 2808 851.333 2802.333 1191.833 3068.5 986.5 3195.167 953.167 3101.833 870.5 3157.833 625.5 3080.5 714.5 2972.5 615.5 2939.5 560.167 2781.833
1098.5 2832.5 1089.5 2834.5 1086.833 2843.167 1086.833 2853.167 1093.5 2780.167 1095.5 2786.167 1087.167 2784.167 992.5 2731.667 997.167 2736.167 992.333 2739.667 947.667 2825 953.833 2824.167 951.833 2829 1215.5 2635.5 1028.5 2462.5 992.5 2510.5 917.833 2476.167 686.167 2572.167 729.833 2650.833 669.833 2706.167 527.5 2856.833
986.5 2820.333 981.333 2820.833 976.167 2828.167 975.333 2836 989.833 2772 991.167 2777.833 983.5 2776 916.5 2756 921.333 2759.667 916.833 2764.167 863.125 2820.25 867.875 2820.25 866 2825.375 1063.167 2660.833 930.5 2576.833 919.833 2600.167 850.5 2575.5 692.5 2627.5 713.5 2679.5 680.5 2705.5 583.5 2811.5
997.5 2916.5 989 2918 980.5 2925.5 982 2935 998.5 2876.5 999 2883 991 2882 926 2849 932 2855 925 2858 860.5 2917.167 866.833 2917.333 864.833 2925.667 1125.167 2772.833 976.5 2639.5 962.5 2667.5 880.5 2631.167 720.167 2688.5 734.167 2748.5 678.5 2784.5 555.167 2917.833
922.75 2889.25 917.25 2887.5 913.5 2880 913.25 2872.75 933.5 2942.75 932.5 2937.5 925.75 2939.5 864.833 2940.5 869.5 2937.833 865.5 2933.833 837 2855.75 842.25 2859.75 842.75 2851.25 1017.833 3018.5 877.833 3113.833 857.833 3078.5 800.5 3095.5 678.833 3021.833 676.167 2948.5 648.167 2908.5 649.5 2713.833
1028 2873.5 1023.667 2872 1029 2859.5 1029 2851.333 1027.667 2933.667 1027.167 2926 1021.167 2930.333 955.667 2938.333 960.833 2934 955.667 2931.5 924.875 2841.5 929.125 2842.75 928.333 2836.667 1128.5 3040.5 1023.5 3133 987.5 3099 904.5 3130.5 775 3028.5 775.5 2987.167 694.167 2923.167 654.5 2767.833
955 2785.5 945.75 2790.25 942.75 2797.75 945.75 2806.75 959.25 2743.75 960.75 2750 953.25 2749.5 893.5 2737.167 898.333 2740.333 893.167 2743.833 855.333 2811 862.167 2810.5 861.667 2815.667 1044.5 2598.5 897.5 2535.5 884.5 2557.5 806.5 2542.5 675.167 2610.5 677.833 2649.833 627.833 2703.833 498.5 2802.5
926.5 2753.25 920.25 2755.5 927.5 2770 929 2777.75 919.75 2713.5 920.5 2719.5 915 2717 857.25 2707.5 863 2711.75 858.5 2715.5 844 2777.667 848.667 2777.833 847 2783 978.5 2594.5 844 2527.5 839.5 2562 765.167 2553.833 653.167 2639.833 690.5 2669.167 657.5 2703.5 569.5 2855.5
716.667 2866.167 710.833 2868.833 711 2875 710.667 2881.833 718 2831.625 718.375 2836.75 713.125 2835.25 671.625 2839.875 676.625 2842.125 672.875 2845.5 630 2882.5 634.375 2883 633.375 2887.5 758 2733.5 647 2701 648 2728.5 598.5 2721.5 496 2810.5 545.5 2837 526.5 2862 468.167 2905.833
873.833 2836.833 867.833 2837.5 876.167 2811.167 875.167 2804.5 887.5 2895.5 887.833 2889.833 881.833 2893.833 820 2895.5 827 2890.5 820.5 2885.5 790.5 2813 796.5 2812.5 791.5 2805 946.5 2963.5 867.167 3030.167 848.5 3006.167 766.5 3049 643.5 2986.167 664.833 2942.833 628.5 2927.5 537.5 2795.5
1147.25 2784 1140.5 2787.75 1137.5 2799 1138.5 2812 1160 2705.75 1160.5 2710.5 1153.75 2708 1054.833 2714.333 1060.667 2718.833 1055 2723.333 948.5 2804 954.375 2804.25 953.375 2810.375 1329.5 2518.5 1101.5 2380.5 1071.5 2427.5 942.5 2393.167 727.5 2513.833 757.5 2613.167 688.833 2663.167 622.5 2835.5
907.833 2863.833 901.167 2861.5 903 2875 902 2882.167 914.5 2817.167 913.833 2822.667 907.667 2820 846.167 2801 850.667 2805.167 845.833 2807.833 784 2866.75 790.5 2868.25 787.25 2874 969.5 2755.5 904.167 2719.5 877.5 2733.5 820.5 2676.5 710.5 2705.5 718.5 2735.5 666.5 2771.5 602.5 2827.167
977.5 2862.833 968.5 2858.833 959.5 2857.167 960.167 2848.5 994.167 2912.833 993.5 2905.5 988.167 2909.167 908.5 2949.167 912.5 2944.5 906.833 2938.167 853.167 2857.5 860.167 2857.5 858.5 2850.167 1128.5 3028.5 955.5 3182.5 935.5 3152.5 852.5 3167.5 667.5 3119.5 696.5 3045.5 644.5 2953.5 573.167 2915.167
861.833 2863.833 855.667 2865.167 866.5 2842.333 865.833 2836.167 865 2904.833 863.833 2897.667 858.333 2901.333 796 2913.167 802.167 2909.5 798 2905.5 735.5 2829.5 741.75 2830.25 740.5 2824 923.5 2993.167 834.167 3049.167 816.167 3016.5 733.833 3040.167 621.167 2978.833 654.5 2916.167 618.5 2877.5 581.5 2798.5
964 2796 957.5 2797 957.25 2810.5 958.25 2816.5 963.5 2753.5 965 2759.5 957.5 2760 880.75 2725.75 885 2730.75 880.75 2734.5 826.333 2792 831.833 2792.5 830.167 2798.333 1040.5 2647.833 897.833 2519.833 879.167 2555.167 809.167 2535.167 658.833 2592.5 686.167 2653.833 651.5 2665.5 516.5 2753.5
919 2857.5 911 2862.5 904.25 2865.5 905.75 2871.25 923.75 2825 924.25 2833.5 916.75 2830.75 849.667 2788.667 855.5 2793 849.167 2797 796.667 2864.167 804.167 2865.333 801.5 2870.333 1035.167 2722.833 895.833 2605.5 880.5 2636.833 789.167 2608.167 671.5 2686.167 664.167 2716.833 614.167 2736.833 519.5 2831.5
863.167 2815.167 858.167 2817.167 853.5 2824.5 853.833 2831.167 862.833 2776.167 863.167 2782.167 858.167 2780.167 794.333 2738.833 798.5 2742.167 794.667 2745.167 773.667 2829.333 780.667 2828.5 777.833 2833.667 964.5 2625.5 825.5 2560.5 809.5 2596.5 746.167 2567.5 593 2627.5 633.5 2708.5 584.5 2738.5 543.5 2847.5
1077.833 2888.167 1071.833 2885.5 1065.167 2875.167 1065.833 2863.833 1084.5 2951.833 1084.833 2945.167 1079.167 2947.833 997.833 2965.833 1002.667 2962.333 997.5 2956.667 936.75 2852 943.25 2852 939.75 2844.75 1179.833 3087.833 1018 3184.5 1002.167 3138.5 919.5 3161.833 819.5 3122.833 789.5 3033.5 725.5 2993.5 531.5 2803.5
5976.5 17137.5 5943.5 17077.5 6009.5 17065.5 6078.5 17077.5 5661.5 17125.5 5709.5 17122.5 5682.5 17092.5 5442.5 16549.5 5481.5 16591.5 5490.5 16564.5 6186.5 16300.5 6174.5 16366.5 6234.5 16354.5 4727.5 17874.5 4025.5 16692.5 4217.5 16524.5 4109.5 15900.5 4589.5 14826.5 5063.5 14970.5 5495.5 14694.5 6599.5 14250.5
5833.5 16623.5 5713.5 16509.5 5899.5 16605.5 5965.5 16617.5 5215.5 16605.5 5263.5 16599.5 5239.5 16551.5 5095.5 15832.5 5131.5 15864.5 5139.5 15822.5 5895.5 15478.5 5901.5 15552.5 5947.5 15534.5 4119.5 17543.5 3223.5 16055.5 3663.5 15999.5 3439.5 15183.5 3895.5 14015.5 4415.5 14303.5 4719.5 13719.5 4975.5 12887.5
5777.5 17104.5 5669.5 17008.5 5807.5 17038.5 5885.5 17089.5 5219.5 17209.5 5246.5 17197.5 5216.5 17170.5 5144.5 16681.5 5183.5 16711.5 5189.5 16672.5 5624.5 16084.5 5642.5 16129.5 5672.5 16105.5 4998.5 17681.5 3918.5 17305.5 4038.5 17105.5 3726.5 16585.5 3702.5 15225.5 4246.5 15321.5 4454.5 14857.5 5230.5 13569.5
