,V1
1,28.6937039197922
2,20.9677804737067
3,12.1422072402261
4,9.60913665510566
5,5.89057912076954
6,4.52676144675595
7,3.18771125719286
8,2.82135756376293
9,2.40699890328337
10,1.99206144459673
11,1.72444641950853
12,1.32909382743274
13,1.26131239149047
14,0.93183086926618
15,0.729599379307004
16,0.49134089424345
17,0.362227507785987
18,0.249183728104905
19,0.197833713736149
20,0.150902124441258
21,0.0950845198661207
22,0.0820985787333896
23,0.0504738374743342
24,0.03320904348761
25,0.0303180842926417
26,0.012054299775967
27,0.00777809450641593
28,0.00626703981908355
29,0.00418965472707369
30,0.00390432930251882
31,0.00282492155233643
32,0.00211789232341202
33,0.00129044332719089
34,0.000910822600527006
35,0.000612767274915159
36,0.000379218389793606
37,0.000229568838849125
38,0.000182491785936696
39,5.50922408203436e-06
40,2.18911543810515e-09
41,2.16205757962756e-28
42,4.09870131601409e-30
