,V1
1,27.0943552619048
2,15.5411127287298
3,12.4818040723028
4,10.3857600718073
5,8.93480219932494
6,4.87625231798422
7,4.4397158619339
8,3.30081042284686
9,2.28506709394437
10,2.19872078726938
11,1.6294630272441
12,1.38514367085306
13,1.23595455371464
14,1.11339491518059
15,0.724247021000196
16,0.590576681198749
17,0.462700301321611
18,0.366224613923
19,0.320770411754957
20,0.237897762060081
21,0.151852544860125
22,0.124407999682985
23,0.0461933631264247
24,0.025463912087924
25,0.00983550758211267
26,0.00725444508691245
27,0.0058746655463748
28,0.00521879822236973
29,0.00405878513915407
30,0.00351828941694221
31,0.0026793705511415
32,0.00228807459032223
33,0.0017538520632748
34,0.00139296860805183
35,0.00116627614164079
36,0.000800026656594262
37,0.000684710810716213
38,0.000482078201235953
39,0.000300447834006891
40,1.0749235877327e-07
41,8.71804455802865e-28
42,2.41916175069194e-28
