            chr   pos   lod
c1.loc46      1 46.00 2.084
2_17714063    2 69.93 2.079
3_969615      3  4.72 0.758
12_9215138    4 44.60 0.950
5_23031683    5 72.30 0.642
c6.loc16      6 16.00 0.931
c7.loc71      7 71.00 1.140
c8.loc19      8 19.00 2.560
14_11901912   9 31.36 0.586
10_23324430  10 80.37 1.094
11_16994463  11 59.63 1.397
c12.loc20    12 20.00 1.713
c13.loc34    13 34.00 1.302
14_1675170   14  7.64 0.475
c15.loc10    15 10.00 1.932
c16.loc22    16 22.00 3.239
c17.loc22    17 22.00 2.572
c18.loc17    18 17.00 1.087
c19.loc7     19  7.00 1.297
