            chr   pos   lod
c1.loc18      1 18.00 2.664
2_4350083     2 20.05 0.665
3_1992077     3  8.82 0.975
4_23684552    4 84.60 1.481
5_262303      5  0.00 1.180
c6.loc37      6 37.00 2.219
c7.loc51      7 51.00 0.698
c8.loc84      8 84.00 1.429
c9.loc30      9 30.00 0.811
c10.loc12    10 12.00 0.788
c11.loc30    11 30.00 0.540
c12.loc27    12 27.00 1.557
13_1139928   13  4.23 2.647
14_155831    14  2.26 0.620
c15.loc65    15 65.00 0.834
16_23326135  16 90.44 1.429
17_3925201   17 18.25 0.722
c18.loc65    18 65.00 0.853
c19.loc10    19 10.00 0.374
