,V1
1,29.9358210048329
2,26.76148088466
3,9.41813461236379
4,8.58562893227193
5,5.96870649074052
6,5.2264418139622
7,2.64513666967021
8,2.06710495945439
9,1.94107043961198
10,1.48637643983727
11,1.33045220662754
12,0.83692904659731
13,0.754127852256241
14,0.662735392966144
15,0.531669573875862
16,0.461843094221549
17,0.395976464747648
18,0.272547495978588
19,0.180315830513775
20,0.165136562494352
21,0.108439830594828
22,0.0846851085627346
23,0.0547027639733627
24,0.0365261808913704
25,0.0209135853498231
26,0.0151434484517249
27,0.0136445817118969
28,0.00831901194987405
29,0.00754272860299594
30,0.00651762292774216
31,0.00416702475663583
32,0.00328313805988173
33,0.00273457807465557
34,0.00190655773122458
35,0.00165019385805195
36,0.00110927943106497
37,0.000550050807651332
38,0.000337630178625269
39,0.000190916183944438
40,2.17666414342061e-10
41,6.96200739099696e-29
42,2.51383354670684e-29
