           chr    pos   lod
c1.loc46     1  46.00 2.496
2_17714063   2  69.93 1.879
3_969615     3   4.72 0.923
12_9215138   4  44.60 1.552
c5.loc67     5  67.00 0.747
c6.loc16     6  16.00 0.624
7_26028904   7 110.15 1.127
c8.loc19     8  19.00 3.250
c9.loc23     9  23.00 0.519
c10.loc5    10   5.00 1.196
11_7006742  11  31.32 1.302
c12.loc20   12  20.00 1.425
c13.loc33   13  33.00 0.979
c14.loc7    14   7.00 0.725
c15.loc11   15  11.00 1.098
c16.loc22   16  22.00 3.358
c17.loc22   17  22.00 2.167
c18.loc84   18  84.00 1.832
19_2291878  19   7.52 0.657
