,V1
1,32.1751067067129
2,21.9571996809402
3,8.21246323353037
4,7.67065010053168
5,6.18969425741657
6,4.20691623810115
7,3.42725463313157
8,2.51747467307055
9,1.9100173850344
10,1.6799091834569
11,1.57378266419709
12,1.52514998797238
13,1.21085960570008
14,0.912062063060502
15,0.861145800444215
16,0.776209818848992
17,0.595187634639021
18,0.521215543645084
19,0.478027354162809
20,0.347082586978259
21,0.281562906808178
22,0.273510978823871
23,0.18060029415467
24,0.131632537575737
25,0.118829015038885
26,0.071216537613371
27,0.0372780972681169
28,0.0290441792698261
29,0.025244703509009
30,0.0190898136916204
31,0.0183459212190838
32,0.0126670451639205
33,0.0114636330696311
34,0.0101804730654965
35,0.0092511480879062
36,0.00681764118771382
37,0.00653915003935353
38,0.00564141582906116
39,0.00367535489162392
40,2.11826483584855e-09
41,1.2137998107618e-27
42,5.43861018282131e-28
