,V1
1,28.7094618298197
2,19.9712580486217
3,9.96223908658113
4,9.26955941591932
5,8.30685222945352
6,4.73399150005954
7,3.68573334980718
8,2.59516713952066
9,2.23282399246894
10,1.9813846230285
11,1.75249240091487
12,1.39440609473672
13,1.17227674911237
14,0.914457922229309
15,0.802256437718441
16,0.717542381518103
17,0.510213033549099
18,0.454281486294159
19,0.307155836299495
20,0.189746462519744
21,0.15333267118827
22,0.12703453196719
23,0.0230046292861013
24,0.00818741815036945
25,0.0060375930745689
26,0.00297569059034392
27,0.00264732943514948
28,0.00220385624488933
29,0.00193434111913996
30,0.00187468421272233
31,0.00143745143704034
32,0.00124463617153469
33,0.0011240519181165
34,0.000936252581629804
35,0.000744924293468765
36,0.000657544500652826
37,0.00052828727673188
38,0.00047600369468849
39,0.000318079712028778
40,2.9728222598266e-09
41,2.6985716282217e-28
42,8.78778623798212e-29
