,V1
1,32.7465424913751
2,17.5291057584828
3,11.6041552060254
4,6.69137700437707
5,5.10293776861731
6,4.59454682827068
7,3.35861999027879
8,2.58383390329129
9,2.5462884832102
10,2.05247112826922
11,1.87966550606302
12,1.39791558186419
13,1.35942662058877
14,1.14128915938526
15,1.0099643923634
16,0.888265230086415
17,0.750860382306085
18,0.672698998684522
19,0.463029410336379
20,0.387534939859646
21,0.357221101152876
22,0.278180644275564
23,0.251593226937862
24,0.17378470821839
25,0.0522066971584603
26,0.0252802326302886
27,0.0181597600383654
28,0.0169909641475531
29,0.0136291815884419
30,0.0108112906646852
31,0.00905504997414743
32,0.00752992629116765
33,0.00645915557626087
34,0.0045519304412308
35,0.00380397948682703
36,0.0034994129061306
37,0.00328675950111796
38,0.0019512364364044
39,0.00147592677429704
40,3.20643797311262e-08
41,1.02535565475891e-27
42,4.16637940777652e-28
