,V1
1,34.7445525854977
2,25.2286057923359
3,9.38556837297466
4,6.33996409044211
5,5.28471768933855
6,3.60583261899761
7,3.01030554845782
8,2.34955347648631
9,1.83801926528251
10,1.45440011809105
11,1.22936655526716
12,1.0850514463539
13,0.940494589510564
14,0.797671480231351
15,0.64427876631201
16,0.581786313516538
17,0.369878908455822
18,0.345980672307077
19,0.265740644503644
20,0.20687916458179
21,0.115886501793638
22,0.0658297855311126
23,0.0386124339741141
24,0.016888483855576
25,0.0141708018670447
26,0.00768302923808019
27,0.00670605938078447
28,0.00483697474611284
29,0.00399806170756355
30,0.00367912717896115
31,0.00319017950641148
32,0.0022184155284652
33,0.00204171732929376
34,0.00139400795865024
35,0.00110618362519695
36,0.00108251364648182
37,0.00087707072842159
38,0.000621572043155053
39,0.000528980207793863
40,1.20905415439397e-09
41,2.65178419383305e-28
42,1.33796955463257e-28
