1514.5 1782.5 1501.5 1779.5 1496.5 1806.5 1497.5 1824.5 1548 1634.5 1549 1644.5 1539 1639 1339.5 1587 1348.5 1591.5 1337.5 1596.5 1202 1772.5 1215.5 1771.5 1209.5 1784.5 1837.5 1324.5 1387.5 1063.167 1364.833 1143.167 1131.5 1049.5 713.5 1273.167 829.5 1393.167 678.5 1471.5 462.5 1783.5
1125.5 1664 1118.5 1666.5 1115.5 1654 1117 1644.5 1141 1743.5 1140 1734.5 1132 1740 1035 1773.5 1040 1767 1032.5 1762.5 961.75 1651 968.5 1652 964.75 1643.5 1326.167 1913.833 1082.5 2106.5 1054.5 2048.5 938.5 2096.5 680.5 2003.5 723.167 1908.5 643.167 1807.167 554.5 1557.5
1270.5 1708.5 1263 1712.5 1271 1738.5 1273 1749.5 1276 1610.5 1275 1620.5 1267.5 1614.5 1130.167 1590.167 1136.5 1595.833 1129.833 1601.5 1053.833 1750.5 1063.833 1749.833 1060.833 1758.833 1464.5 1415.833 1175.167 1225.5 1151.167 1290.833 956.5 1244.5 683.5 1466.5 752.5 1523.5 681.5 1578.5 519.5 1779.5
1109.5 1699.5 1099.5 1696.5 1095.5 1686 1085.5 1670.5 1117.5 1795.5 1115.5 1786.5 1109 1790 994.833 1789.5 1001.5 1786.833 992.833 1780.833 836.75 1676.5 844.25 1677.75 839 1670.25 1271.5 1984.5 1025.5 2130.5 1001.5 2059.5 871.5 2096.5 614.5 1953.167 659.167 1865.167 606.167 1810.167 481.5 1704.167
1333.5 1691.5 1327.5 1688.5 1323.5 1697.5 1333.5 1713 1373.75 1612.25 1372 1617.5 1366 1612 1269.25 1573 1272.5 1579.5 1266.25 1581 1159.75 1695.5 1168 1695.25 1165.5 1705 1580.5 1503.5 1456.167 1285.833 1418.5 1318.5 1314.167 1230.167 947.5 1235.5 972.5 1361.5 821.5 1408.5 492.5 1713.5
915.75 1676 909.5 1676.75 905.25 1683 908.25 1691.25 912.25 1651 915.25 1657 908 1657.75 834 1627.75 839.5 1629.5 835.75 1634 828.667 1694 835.333 1692.167 832.333 1699.167 945.167 1506.167 788.5 1454.5 791.833 1489.833 727.167 1472.5 591.5 1542.5 634.5 1597.5 580.5 1640.5 532.5 1749.833
1283.5 1560.5 1274 1562 1270.5 1575 1283 1588.5 1286 1498.5 1286 1508.5 1275 1505 1143.5 1462.167 1149.833 1467.167 1143.5 1471.5 1073.5 1622.5 1080.167 1621.167 1081.5 1631.833 1465.5 1267.5 1194.167 1110.833 1173.167 1176.833 1038.5 1128.833 732.5 1284.5 778.5 1378.5 697.5 1468.5 488.167 1554.5
1129 1644.75 1120.5 1644.5 1122.5 1618 1116.75 1607.5 1144.5 1702.75 1143.5 1694.25 1136.75 1699 1055 1740.25 1058.75 1734.5 1050.25 1731.25 1003.833 1617 1010.667 1618 1006.333 1611 1317.5 1845.5 1090.5 2036.5 1070.5 1984.5 959.167 2025.5 714.5 1905.5 754.5 1840.5 705.5 1784.5 532.833 1655.167
1284 1782.333 1276.5 1785.667 1274.5 1798.167 1275.833 1811.833 1273.833 1660.333 1276.167 1669.167 1267.833 1665.833 1127.5 1644.5 1134.5 1649.167 1127.833 1654.667 1023.625 1775.5 1032.75 1775.75 1030 1783.5 1467.833 1390.833 1129.5 1235 1132.5 1303.5 984.833 1245.833 636.167 1392.167 711.167 1503.5 592.5 1606.833 523.5 1905.833
1302.167 1602.5 1294.167 1607.167 1295.5 1623.5 1301.167 1635.5 1293.5 1516.5 1295.5 1526.167 1286.5 1523.167 1184.5 1512.75 1190.25 1517.5 1184.5 1523.75 1086.5 1644 1095.5 1643.75 1090.75 1651.25 1474.833 1288.167 1161.5 1135.5 1157.5 1208.833 1052.167 1148.833 785.5 1216.833 808.167 1312.833 702.5 1383.5 484.5 1660.5
1203.167 1727.833 1192.5 1729.5 1197.5 1761.167 1202.167 1772.833 1212.167 1665.5 1211.167 1672.833 1205.833 1666.167 1111.25 1632.75 1116.5 1640 1110.25 1643 1019.25 1753.25 1028.75 1753 1026.5 1760 1370.5 1547.5 1213.167 1363.5 1175.833 1420.833 1043.833 1327.5 754.5 1417.5 794.5 1491.5 692.5 1553.5 515.5 1793.5
1060.5 1696.5 1052.167 1694.5 1058.5 1660.833 1058.167 1650.833 1068.833 1759.833 1068.833 1752.5 1059.833 1755.5 989.5 1748.5 994.5 1746.25 991.625 1739 920.875 1668.75 926.375 1669.25 923.25 1660.75 1192.167 1906.167 981.833 2051.833 972.5 2010.5 798 2003 652.5 1910.5 705.5 1853.5 642.5 1792.5 479.5 1662.833
1462.167 1679.5 1451.5 1677.5 1445.5 1653.5 1442.833 1639.5 1464.833 1786.5 1466.833 1780.167 1456.5 1778.5 1318 1815.25 1324.25 1809.75 1319.25 1801.25 1191 1656.75 1198.5 1655.75 1194.75 1644.75 1740.5 2082.5 1301.5 2341.5 1299.5 2279.5 1137.5 2311.5 821.5 2131.5 815.5 2055.5 694.5 1964.5 487.5 1550.5
1326.833 1698.833 1318.167 1691.5 1326.833 1658.167 1323.5 1645.167 1328.75 1799.5 1330 1793 1320.5 1797.25 1202.75 1822.25 1208 1818 1200.75 1810.25 1080.25 1669.5 1086.75 1669.75 1083.5 1659.25 1564.833 1965.5 1306.167 2244.167 1270.167 2172.167 1082.5 2248.5 718.5 2075.5 794.5 1986.5 717.167 1933.5 462.5 1583.5
1207.5 1683.5 1201 1683 1204.5 1716.5 1204.5 1725 1213.833 1611.5 1214.833 1618.5 1208.167 1617.167 1100.25 1593.5 1105.25 1597.75 1100.75 1602 1048.5 1727.5 1055.5 1726.5 1054.5 1735.5 1351.5 1428.5 1144.5 1322.5 1117.5 1357.5 1003.833 1352.167 758.833 1427.5 791.5 1496.833 708.833 1560.833 525.5 1805.833
1254.833 1697.5 1248.833 1691.833 1247.167 1674.5 1245.833 1663.833 1259 1800.833 1260 1793.333 1252.167 1795.5 1147.375 1817.875 1151.75 1814.25 1147.25 1809.625 1077.667 1692.167 1084.167 1692.5 1081.833 1685.833 1425.5 1987.833 1189.833 2155.833 1166.5 2102.5 1032.5 2153.5 743.5 2018.5 803.5 1916.167 728.833 1858.833 601.5 1608.5
1552.5 1770.5 1541 1770 1529.5 1761 1530.5 1747.5 1579.5 1856 1581.5 1847.5 1570 1851 1401.167 1923.833 1407.5 1919.5 1399.5 1913.5 1259.5 1759.833 1268.167 1760.5 1265.5 1751.833 1842.5 2158.5 1475.5 2370.5 1456.5 2294.5 1305.833 2369.5 909.5 2232.5 944.167 2111.167 833.5 2015.167 506.5 1890.5
1087 1761.5 1079.25 1761 1075.25 1770.25 1076 1778 1111 1708 1109.75 1714 1103.25 1710.25 1001.833 1662.833 1006.833 1666.833 1001.833 1671.667 909.833 1766 917.333 1766.5 912.667 1771.333 1294.5 1590.5 1091.167 1371.5 1051.833 1409.5 935.5 1367.5 650.833 1466.5 684.833 1565.167 638.167 1615.833 477.5 1835.167
1435.5 1720 1421 1721 1414 1733 1412 1751 1470.833 1574.5 1471.833 1583.167 1462.833 1578.5 1249.75 1546.75 1256.25 1551.75 1249.5 1557.25 1133.333 1734.833 1140.167 1734.167 1137.5 1744.5 1659.833 1266.833 1278.5 1080.5 1254.5 1148.5 1070.5 1132.5 709.5 1371.5 776.5 1453.5 710.5 1540.5 463.5 1822.5
1186.833 1786.167 1177.833 1788.833 1169.167 1778.167 1165.167 1767.833 1215.167 1836.5 1209.833 1829.167 1205.5 1836.167 1123.75 1885.75 1128 1881.5 1120.5 1878 1033.667 1792.167 1039.5 1791.5 1035 1784.167 1385.5 1939.5 1206.833 2154.167 1189.5 2100.833 1120.167 2163.5 843.5 2183.5 879.5 2053.5 778.5 2025.5 459.5 1748.5
1114.75 1807.75 1106.25 1806 1103 1793 1102.25 1783.5 1109.75 1878.5 1111.75 1871.5 1103 1874 985.333 1887.667 991.5 1884.833 987.167 1880.167 903.667 1774.333 908 1775 906.167 1768.167 1210.5 2079.5 943.5 2183.5 929.5 2140.5 814.5 2158.5 579.5 1983.5 630.5 1943.5 597.5 1887.5 442.167 1686.5
1185.5 1801 1176.5 1802.5 1168 1819.5 1169.5 1830 1191.75 1720.75 1192.75 1726.75 1184 1723.75 1055.333 1682.333 1061.5 1686.667 1056.167 1690 995.25 1811 1001.25 1811.5 999 1818.75 1345.5 1508.5 1091.5 1370.5 1068.5 1422.5 928.5 1394.5 689.5 1534.5 734.5 1606.5 667.5 1676.5 501.833 1899.5
1346.5 1778.167 1337.833 1774.167 1337.167 1745.833 1334.5 1731.5 1343.833 1892.833 1344.5 1886.167 1336.167 1889.167 1211.25 1913.25 1216.25 1910 1211.75 1906 1113 1772 1120.25 1771.75 1115.5 1762.5 1525.5 2124.5 1245.5 2324.833 1218.833 2258.167 1093.5 2319.5 746.833 2139.833 827.5 2075.833 710.833 1968.5 529.5 1737.5
1397.167 1679.5 1388.167 1683.5 1386.167 1698.833 1386.833 1714.833 1399.333 1583.5 1400.167 1587.5 1391 1586.167 1268.667 1564.333 1274 1569.167 1268.833 1572.667 1121.333 1698.833 1129.667 1699.167 1125.5 1705.833 1594.5 1369.833 1325.167 1149.5 1291.833 1206.833 1139.167 1157.5 775.5 1291.5 828.5 1399.5 714.5 1491.5 490.5 1727.5
1323.167 1715.5 1314.5 1721.167 1306.833 1733.167 1306.167 1745.833 1317.5 1639.5 1319.167 1645.833 1310.5 1645.5 1184.833 1599 1191.667 1603 1185.5 1608 1088.5 1731.5 1095 1731.25 1093.75 1738.5 1463.833 1339.167 1151.5 1210.5 1127.5 1291.5 976.5 1278.5 730.5 1395.5 784.5 1483.5 701.5 1550.5 495.833 1746.833
1217.833 1680.833 1210.5 1688.833 1218.5 1716.833 1217.167 1731.5 1213.167 1609.5 1213.833 1618.167 1203.833 1615.5 1097.833 1609.5 1103.833 1611.5 1099.5 1618.5 1026.5 1736.5 1034.833 1735.5 1031.5 1744.5 1326.167 1394.5 1059.5 1255.833 1034.167 1313.167 941.5 1302.5 735.5 1459.5 747.5 1527.5 689.5 1581.5 595.5 1781.5
1258.5 1784 1250.5 1785 1243.5 1755.5 1240.5 1742.5 1283.5 1857.5 1282 1851 1275.5 1855.5 1178.167 1878.833 1183.5 1873.833 1178.5 1871.833 1051.167 1784.833 1056.333 1783.667 1052.167 1775.833 1462.5 1972.833 1293.167 2172.833 1262.5 2139.5 1125.167 2202.167 827.833 2126.833 857.167 2048.167 781.167 1994.833 504.5 1821.5
1211.5 1884 1204.5 1876.5 1222.5 1856.5 1221 1842.5 1184 1960 1189 1952 1180.5 1949.5 1041.833 1947.5 1049.5 1944.833 1044.5 1939.167 1005 1817 1010.5 1817 1006.75 1805.5 1250 2175.5 991.5 2244.833 990.167 2173.5 869.5 2204.833 744.5 2020.5 730.5 1985.5 631.5 1939.5 537.5 1799.5
1090.5 1699.833 1081.833 1700.833 1080.167 1718.833 1079.833 1729.167 1109.167 1628.833 1108.167 1634.833 1102.5 1629.833 1019.25 1626.75 1022.75 1630.75 1018.5 1633.75 942 1708 948.25 1707.75 946.5 1715.5 1266.5 1526.833 1083.5 1379.833 1070.5 1399.5 1005.5 1376.5 739.167 1437.833 761.833 1499.167 702.5 1569.5 549.167 1733.167
946.5 1647 941.375 1648.375 940.625 1659.375 941.375 1666.125 947.5 1589 948.25 1596.5 942 1594 884 1583.5 889.167 1587.667 885.5 1591.167 828 1657.667 835 1659 830.333 1664.833 1048.5 1469 917.5 1403.5 907.5 1432.833 825.5 1414.5 694.5 1484.5 710.5 1519.5 661.5 1546.5 598.5 1696.5
977 1790.25 971.25 1786.5 965.5 1779.5 964.5 1770.75 972.333 1856.667 973 1850.833 966.833 1853 882.333 1877.167 888.667 1872.167 884 1868 786.167 1799.833 792.5 1800.333 788.333 1792.5 1116.167 2054.5 948.167 2161.833 896 2106.5 803.5 2131.5 608 2044.5 629.5 1969.167 580.833 1937.833 504.5 1810.5
1051.75 1780.75 1043.75 1780.75 1045.25 1798.75 1045.75 1806.75 1050.5 1714 1051.5 1721.25 1045.25 1718 956.5 1698.333 962 1701.333 958 1704.167 886 1783 891.75 1782.75 889 1790 1180.833 1568.167 970.5 1454.5 954.5 1496.5 852.5 1483.5 720.5 1571.5 735.5 1620.5 665.5 1674.5 572.167 1808.167
1252.833 1711.167 1245.167 1709.167 1269.5 1743.833 1268.833 1754.833 1267.833 1615.5 1267.833 1621.5 1260.5 1619.167 1144.5 1593 1150.25 1598.75 1143.667 1602.167 1081.167 1750 1088 1750.833 1085.833 1756.833 1467.833 1431.167 1224.833 1221.833 1190.5 1272.5 1040.5 1224.833 741.5 1405.5 784.5 1465.5 712.5 1556.5 528.5 1801.5
1067.333 1750.333 1061.5 1751.667 1057 1759.667 1057 1767.667 1066.167 1687.333 1067.167 1692.333 1061.167 1692.5 975.5 1671.667 981 1676.833 976.167 1679.833 915.167 1756.333 920.667 1756.667 919 1762.333 1167.167 1550.833 982.833 1446.167 972.167 1481.5 888.167 1459.5 730.833 1537.833 756.833 1582.5 707.5 1595.167 537.5 1774.5
1087.25 1738.75 1081.125 1740.75 1078.375 1750.75 1078.625 1758.375 1085.5 1685.75 1086.25 1690.875 1079.75 1689.625 975.333 1642.833 981.333 1647 976 1650.333 890.167 1735 896.333 1735.667 894.667 1741.167 1243.833 1515.167 1003.833 1364.5 974.5 1408.5 885.167 1375.167 657.167 1471.167 702.5 1543.167 647.833 1595.167 489.167 1778.833
1168.25 1740 1163.25 1743.25 1169.25 1764.25 1169 1771.75 1149.5 1665.5 1153 1673 1146.25 1673 1044.5 1677.5 1051.333 1680.833 1047.667 1684.667 946.75 1765 953.25 1764.75 951 1773 1202.5 1489.5 1051.5 1367.5 1041.5 1440.5 939.167 1393.833 686.5 1500.5 746.5 1571.167 686.5 1641.833 551.833 1796.5
1296.167 1729.167 1284.167 1728.167 1290.833 1756.5 1290.833 1765.167 1291.5 1628.167 1293.5 1635.5 1284.5 1634.167 1170 1633.75 1175.5 1638 1170.5 1643 1084.5 1757.167 1094.167 1758.167 1089.167 1769.167 1401.5 1406.5 1155.5 1303.5 1143.5 1351.5 1039.5 1324.5 759.5 1409.5 779.5 1488.5 708.5 1560.5 467.167 1768.167
1219.25 1688.25 1213.5 1688 1207.75 1699 1208.5 1708.25 1219.25 1621.5 1221.5 1630.25 1214.75 1629 1114 1585.333 1119.5 1590.667 1114 1594.167 1057.833 1695.167 1066.167 1694.667 1063.833 1702 1323.5 1427.5 1126.5 1301.5 1108.5 1343.5 1006.5 1309.5 780.5 1395.5 800.5 1469.5 721.5 1505.5 544.5 1732.5
1052.833 1626.833 1046.5 1635.5 1047.5 1644.833 1051.167 1656.167 1039.5 1565.167 1041.167 1572.5 1033.167 1572.5 942.5 1567.25 948.5 1569.75 945.25 1574.5 895 1663 901 1662.5 899.75 1669.5 1122.5 1412.5 924.833 1323.5 918.167 1364.167 810.5 1342.5 601.167 1471.833 662.5 1519.167 616.167 1567.5 500.5 1728.5
1172.5 1631 1165 1627.5 1161 1640 1160 1651.5 1196 1593 1196.5 1599.25 1190 1594 1092.5 1506.5 1099 1512.75 1092 1515.25 1010 1613.75 1019 1615.5 1014.5 1624.5 1369.5 1472.5 1183.5 1273.5 1157.5 1304.5 1066.833 1263.167 810.167 1317.167 831.5 1400.5 776.5 1457.5 632.5 1618.5
6407.5 11440.5 6361.5 11402.5 6417.5 11354.5 6493.5 11340.5 6001.5 11570.5 6053.5 11558.5 6027.5 11536.5 5735.5 11010.5 5771.5 11036.5 5785.5 11006.5 6301.5 10530.5 6303.5 10588.5 6347.5 10576.5 4961.5 12436.5 4065.5 11388.5 4241.5 11156.5 3881.5 10612.5 4209.5 9244.5 4681.5 9388.5 5001.5 8900.5 5673.5 8108.5
6383.5 10919.5 6223.5 10819.5 6439.5 10871.5 6519.5 10855.5 5579.5 10983.5 5631.5 10983.5 5603.5 10947.5 5439.5 10187.5 5479.5 10215.5 5491.5 10175.5 6303.5 9759.5 6315.5 9835.5 6371.5 9803.5 4315.5 11866.5 3355.5 10414.5 3619.5 10234.5 3403.5 9502.5 3811.5 7750.5 4471.5 8038.5 4975.5 7366.5 6391.5 6190.5
5686.5 10385.5 5650.5 10322.5 5713.5 10286.5 5779.5 10256.5 5146.5 10475.5 5191.5 10472.5 5170.5 10445.5 4990.5 9782.5 5014.5 9806.5 5029.5 9779.5 5653.5 9131.5 5644.5 9188.5 5701.5 9179.5 4290.5 11395.5 3258.5 10187.5 3570.5 9979.5 3274.5 9235.5 3898.5 7731.5 4450.5 8035.5 4762.5 7459.5 6250.5 6611.5
