,V1
1,34.1620498692362
2,19.3422982094357
3,11.7150793830095
4,8.35992105377347
5,5.17153486910239
6,4.61217878816606
7,3.51739998984198
8,3.16178638012691
9,2.15916256740269
10,1.68228809821469
11,1.34514174927731
12,0.99485303358978
13,0.845851673472778
14,0.738898638339245
15,0.643658724511234
16,0.411473427965172
17,0.289635751856313
18,0.252872509958737
19,0.155451533296316
20,0.140542963121177
21,0.0980409430070469
22,0.0682429536778264
23,0.0519934224674763
24,0.0277018069531839
25,0.0162385914767274
26,0.00876170718172103
27,0.00683803195073574
28,0.00570285096030092
29,0.00399870665767086
30,0.00280411297805709
31,0.00210745694729509
32,0.00168043180277783
33,0.00143276987135881
34,0.00108841541983656
35,0.000561554791819945
36,0.000309830728281081
37,0.000230809234992986
38,0.000119897523753174
39,6.64911922101431e-05
40,1.47927615727676e-09
41,6.83319146430979e-29
42,6.63530893243119e-30
