1806 1231 1800.833 1215.833 1828.833 1211.833 1850.167 1217.167 1690.167 1247.833 1698.833 1252.167 1699.833 1238.833 1635.167 1079.5 1634.833 1086.167 1646.5 1081.833 1808.167 989.833 1810.833 1000.167 1819.167 997.5 1358.5 1378.5 1239.5 1038.5 1327.5 1034.5 1249.5 875.5 1496.5 554.5 1570.5 612.5 1744.5 558.5 2049.5 555.5
1682.167 1245.5 1689.167 1234.167 1680.167 1222.5 1663.5 1218.833 1755.5 1256.167 1748.167 1262.167 1747.167 1248.833 1807.167 1123.167 1805.5 1129.833 1793.833 1122.833 1679.75 1003 1682 1009.5 1674.25 1008.5 2066.5 1390.5 2207.5 1098.5 2108.5 1118.5 2154.5 1001.5 2082.5 634.5 1931.5 717.5 1857.5 595.5 1568.5 395.5
1792 1426 1786.5 1415 1809.5 1414 1822 1416 1704.5 1434.5 1713.25 1437 1714 1427 1654.25 1279.5 1656.75 1286.5 1666 1279.5 1794 1129.5 1794 1135.5 1804.75 1133.5 1465.5 1633.5 1314.5 1281.5 1358.5 1240.5 1308.5 1116.5 1374.5 739.5 1564.5 881.5 1643.5 723.5 1924.5 483.5
1682.75 1253 1686.75 1239 1706.5 1249.25 1716.5 1250.5 1615.5 1254.5 1626.5 1258.5 1625.5 1244.5 1570.5 1107.5 1573.5 1117 1581 1110.5 1722.5 1037.25 1721 1044 1729.25 1040.25 1344.5 1371.167 1221.833 1107.167 1300.5 1107.167 1255.167 943.167 1376.833 773.833 1520.833 765.833 1539.5 677.833 1740.833 534.167
1813 1119 1812.5 1106.833 1799.167 1102.833 1789.833 1102.167 1918.5 1109.5 1907.833 1115.5 1910.167 1099.5 1917.5 968.833 1914.5 975.5 1905.833 969.167 1798.5 868.167 1797.5 877.833 1789.5 875.5 2197.833 1254.833 2309.833 870.833 2228.5 900.167 2244.5 758.833 2146.167 554.167 2024.833 624.833 1969.833 506.167 1850.5 308.5
1629.167 1136.167 1628.833 1123.167 1616.167 1120.833 1606.833 1122.167 1698.5 1125.75 1692.5 1128 1692 1118.75 1704.167 1034.167 1699.5 1040.167 1695.5 1034.167 1604 985 1604.5 993.5 1596 989.5 1875.167 1155.5 1899.167 972.833 1853.833 1002.167 1815.5 987.5 1914.5 803.5 1785.5 826.5 1777.167 742.167 1692.5 514.5
1397 1185.5 1399.5 1173.5 1360 1174 1348.5 1173 1436 1201.5 1429.5 1203.5 1432.5 1191 1453.5 1116 1448.5 1120.75 1444 1114 1363.167 1016.167 1362.5 1023.833 1351.833 1020.167 1618.167 1340.167 1773.167 1116.167 1714.5 1121.5 1757.167 996.167 1652.5 707.5 1563.5 837.5 1523.5 753.5 1277.5 446.5
1227.5 1305.5 1233.5 1295.5 1244.5 1292 1254 1296 1152.5 1297 1159.5 1302.5 1160 1291 1150.5 1193 1153.5 1203.5 1162 1194 1247 1140.5 1247.5 1150.5 1256 1144 993.5 1383.5 916.5 1191.5 967.5 1196.5 932.5 1102.5 993.5 902.5 1066.5 981.5 1088.5 919.5 1345.167 691.5
1460 1394 1456 1383 1439.5 1383 1427.5 1383 1546 1398 1539 1400 1539 1392 1604.5 1236.5 1602.167 1246.167 1595.5 1232.167 1457.25 1189.25 1457.5 1196.75 1447.5 1193 1716.5 1542.5 1889.5 1235.5 1833.5 1251.5 1884.5 1118.5 1825.5 837.5 1720.5 935.5 1636.5 784.5 1258.167 658.5
1609 1168.5 1601.5 1156.5 1628 1158.5 1640 1157.5 1527.5 1183.833 1535.5 1186.167 1534.167 1171.167 1502.5 1062.5 1507.5 1069.833 1514.5 1062.167 1632.167 960.167 1633.5 966.5 1643.833 963.167 1283.833 1302.5 1163.5 1087.833 1222.167 1091.833 1198.167 951.833 1270.5 651.5 1352.5 755.5 1430.167 626.5 1608.833 562.5
1623.5 1241.167 1624.5 1225.167 1639.833 1220.5 1657.833 1218.5 1530.833 1253.833 1540.167 1254.5 1536.833 1243.5 1483.5 1080.167 1487.167 1086.833 1496.167 1079.167 1666.5 1041.5 1662.5 1050 1677.5 1043 1344.5 1361.5 1172.5 1117.5 1217.5 1104.5 1239.833 998.833 1338.5 666.5 1472.5 788.5 1576.5 646.5 1894.5 510.5
1438.5 1147.167 1431.5 1138.833 1444.167 1128.5 1454.167 1124.167 1366.5 1184.5 1373 1186.5 1372 1177 1285 1080 1290.5 1083.5 1297 1075.5 1393.167 972.5 1392.5 979.833 1402.833 978.167 1236.5 1349.833 1012.167 1202.5 1066.833 1185.167 987.5 1068.5 1049.5 872.5 1081.5 824.5 1097.5 708.5 1190.5 434.5
1742.5 1317.833 1749.833 1307.167 1741.5 1299.167 1729.5 1298.5 1799.167 1327.833 1791.5 1331.833 1792.5 1320.5 1837.167 1232.167 1833.167 1238.5 1827.833 1231.5 1782.25 1130 1779.5 1137.5 1773.5 1130.75 1963.5 1411.167 2012.5 1250.167 1985.167 1252.167 2028.5 1153.5 2053.167 996.5 1973.167 1052.5 1955.5 960.833 1848.833 903.5
1873 1229 1873.5 1215.167 1836.5 1212 1824.5 1211 1959 1235 1949 1238 1948.5 1224.5 2014 1062.5 2008 1072 2003 1058 1819.833 973.5 1820.167 983.5 1809.167 978.5 2278.833 1434.833 2457.833 1070.167 2371.167 1064.833 2400.5 874.5 2228.5 528.5 2145.5 630.5 2068.5 510.5 1671.5 230.5
2053.5 1261 2048 1250.5 2030 1251 2022.5 1253 2155.833 1239.167 2149.5 1242.5 2147.5 1231.167 2169.75 1033.5 2167.75 1040 2159 1035.25 1943.25 1004.5 1948.75 1010.75 1937.75 1015 2574.5 1307.5 2562.167 828.167 2482.167 857.5 2451.5 665.5 2160.5 448.5 2069.5 507.5 2019.5 479.5 1521.5 689.5
1908.5 1265.833 1913.5 1258.5 1887.833 1248.5 1877.833 1245.167 1999.667 1281.333 1995.5 1282.333 1995.167 1275.333 2040 1158 2035.75 1163.25 2030.25 1154.75 1908.5 1073.25 1909.75 1080 1900.5 1075.75 2178.5 1392.167 2319.5 1249.5 2257.5 1201.5 2345.5 1037.5 2270.5 647.5 2163.5 801.5 2077.5 680.5 1602.167 689.833
1904 1280.5 1904 1269.5 1891.5 1256.5 1878 1256.5 1989 1303.5 1982 1305 1985.25 1296.25 2052.833 1163.5 2048.167 1169.667 2044 1162.333 1911 1064.333 1910.333 1072.833 1902.333 1067.833 2191.5 1451.5 2365.5 1256.833 2308.167 1230.167 2378.5 1113.5 2315.5 818.5 2203.5 852.5 2108.167 672.833 1876.5 456.5
808.5 1296 800 1285.5 816.5 1278.5 827.5 1277 724 1330.5 733 1331 726 1317 669 1220 677 1228 682 1216 791 1128.5 791.5 1140.5 800.5 1132 558.5 1501.5 390.833 1301.5 454.833 1297.5 372.5 1219.5 352.5 900.5 459.5 975.5 514.5 798.5 866.5 582.5
760 1609 753 1599.5 742 1591.5 731.5 1592 849.5 1597 842 1603 840 1591.5 840 1486 836.5 1491 828.5 1485 734.5 1380.5 735 1389.5 725 1385.5 1072.5 1654 1135 1442 1083.5 1454 1120 1332.5 1015.5 1121.5 945.5 1182.5 857.5 1045.5 840.167 876.833
920 1228 926 1217.5 918 1208.5 909 1206 976 1260 968.5 1261.5 970 1252 1033.5 1170.167 1025.833 1176.833 1022.833 1165.167 957.833 1060.5 955.833 1067.833 951.5 1063.833 1147.167 1414.167 1306.167 1217.167 1240.167 1215.167 1294.167 1124.5 1270.167 878.5 1155.5 939.5 1136.5 846.5 918.833 635.833
1122 1401 1119.5 1390.5 1102.5 1386 1093.5 1385.5 1221 1378.5 1211.5 1382 1210 1368 1212.75 1241.5 1210.25 1248.5 1202.75 1241.5 1060.25 1200.25 1064 1210.25 1054.5 1208.5 1510.5 1430.5 1537.5 1087.5 1455.5 1150.5 1462.5 993.5 1212.5 783.5 1176.5 921.5 1142.5 840.5 714.5 787.5
766.167 1156.833 772.167 1147.167 757.833 1140.833 747.5 1139.5 822.833 1190.833 815.167 1192.167 822.833 1180.167 882.833 1076.833 877.167 1081.833 871.167 1074.5 772.5 992.833 772.167 1000.5 765.833 994.167 1010.833 1366.167 1107.5 1054.167 1058.167 1076.833 1073.5 999.5 1005.5 828.167 967.5 876.833 928.833 763.5 663.167 623.167
1179.167 1296.167 1178.167 1284.833 1159.5 1288.167 1151.833 1287.5 1263.833 1292.167 1256.167 1296.833 1256.5 1285.5 1308 1161.25 1304.5 1166.75 1299.25 1157.5 1158.5 1125 1160 1134 1150.75 1130.5 1483.5 1350.5 1566.5 1141.5 1504.5 1164.5 1555.5 1052.5 1520.5 845.5 1378.5 932.5 1352.5 781.5 1107.5 566.5
740.5 1141.5 744 1128 726 1119 709 1117.5 828.5 1151.5 818.5 1153 823 1141.5 852.5 1024.75 851 1031 844.25 1022.75 726.75 954.5 727 962.25 715.5 961.167 1031.167 1299.5 1157.167 1016.833 1107.167 1024.167 1127.167 902.833 1031 642.5 952.5 736.5 883.5 657.5 682.5 537.5
1065 1413 1061.5 1402.167 1024.167 1398.833 1012.833 1396.167 1136.5 1424 1131 1425 1132 1410 1194.5 1243.5 1192.167 1249.5 1183.5 1241.833 1025.5 1095.167 1028.167 1117.833 1038.833 1104.5 1431.5 1539.5 1577.5 1345.5 1515.5 1281.5 1581.5 1057.5 1365.5 719.5 1293.5 803.5 1151.5 695.5 1091.5 472.5
1758.5 1274 1755.5 1258.5 1784.5 1257.5 1795 1265 1674.5 1265 1683 1274 1685 1257 1678.167 1095.167 1677.167 1103.5 1688.833 1102.5 1832.833 1047.167 1828.833 1053.167 1838.833 1055.833 1338.833 1263.833 1412.167 881.167 1468.167 918.5 1612.167 761.167 1911.5 814.5 1842.5 887.5 1870.5 851.833 2099.833 825.167
807 1480 802.5 1465.5 825.5 1459.5 838.5 1462 647.167 1518 654.667 1517.667 650.167 1509.333 608.75 1303.5 612.75 1311.5 621 1303.75 828.667 1164.5 827 1174.167 835.667 1171.833 387.5 1802.833 56.5 1332.5 152.5 1305.5 97.5 1066.5 314.5 567.5 461.5 707.5 701.5 565.5 1200 522
1139 1317.5 1132.5 1303.5 1099.5 1307.5 1085.5 1309.5 1275.25 1290.75 1271.25 1296 1266.25 1284 1240 1110 1238.75 1118.25 1228.25 1113.25 1032 1044.833 1037 1054.167 1026.833 1054.167 1616.5 1386.5 1647.5 939.5 1557.5 968.5 1506.5 763.5 1184.5 569.5 1194.5 690.5 1079.5 607.5 901.167 471.833
1674.167 1294.5 1675.833 1283.5 1661.833 1278.167 1650.833 1277.5 1752.75 1303.5 1743.75 1305 1747.75 1295.5 1785.75 1175 1782.25 1179.5 1777.25 1172.75 1668.667 1106.333 1667.833 1113.833 1662 1110.667 1931.5 1445.5 2092.5 1207.5 2043.5 1202.5 2083.5 1066.5 1989.5 804.5 1907.5 899.5 1842.5 794.5 1617.5 637.5
1658 1255 1656.5 1244.5 1677.5 1248.5 1686.833 1249.167 1599.5 1255.5 1605.167 1259.167 1605.833 1250.5 1598.5 1170.833 1600.833 1176.833 1605.5 1172.5 1676.5 1108.5 1676.5 1115.5 1684.167 1114.833 1457.5 1286.5 1418.833 1151.833 1454.833 1157.833 1429.5 1075.167 1483.5 926.5 1542.833 972.5 1563.5 903.167 1686.5 706.5
1538.167 1211.167 1537.167 1202.833 1507.833 1209.5 1497.5 1209.167 1591.75 1203.25 1584.75 1206.75 1583.75 1196.5 1606.625 1104.75 1605.125 1108.75 1599.125 1104.625 1513.333 1040.333 1513.333 1047.333 1506.667 1044.667 1752 1277 1815.167 1058.167 1769.833 1043.167 1784.5 938.5 1775.5 808.5 1699.167 879.167 1656.5 804.5 1563.167 680.5
1730.167 921.167 1730.167 908.167 1715.833 903.5 1708.5 903.5 1784.5 924.167 1776.833 925.167 1779.833 917.167 1829 821.5 1823.5 826.5 1820.75 819.25 1722.167 749.333 1722 757.5 1714 751 1958.5 1021.167 2077.167 818.5 2027.167 829.167 2073.833 727.833 2059.167 521.167 1959.833 590.5 1935.833 489.833 1779.167 291.833
822.167 1377.833 818.167 1366.167 830.833 1358.5 842.833 1358.167 725.25 1390 729.75 1390.5 729 1382.25 687.25 1260.25 691 1264.25 700.75 1257.25 815 1129.833 815.667 1136.167 823.167 1133.667 540.5 1474.5 374.5 1289.5 443.5 1292.5 367.5 1162.5 434.5 836.5 576.5 903.5 653.5 770.5 762.5 551.5
1091.833 1185.833 1089.833 1175.833 1080.5 1167.167 1074.5 1165.5 1147.833 1206.5 1140.167 1209.833 1142.167 1196.167 1184.75 1112.75 1181.75 1117.75 1176.25 1111.5 1095 1038 1094.25 1044.25 1086.75 1041.25 1337.5 1341.5 1464.5 1111.833 1408.5 1125.833 1439.167 1004.5 1406.5 819.833 1303.167 884.5 1259.167 771.167 1122.5 633.833
532.5 1181.833 528.5 1169.833 549.5 1169.5 560.167 1174.833 461.25 1184.75 469 1187 467.75 1180 444.5 1044.667 444.667 1051.167 453.833 1046.5 614 1002.5 611 1008.25 621.375 1008.125 230.833 1276.833 171.5 985.833 224.833 1015.167 210.167 851.167 433.5 618.5 452.5 734.5 541.5 659.5 706.5 554.5
1227 1255 1235.833 1245.167 1225.167 1236.5 1213.833 1233.167 1298.5 1269.833 1291.833 1273.167 1292.5 1258.5 1341.833 1159.833 1336.5 1169.167 1331.833 1157.167 1247.833 1055.167 1246.5 1061.5 1238.833 1058.5 1445.5 1423.5 1595.5 1186.5 1541.5 1196.5 1593.5 1085.5 1539.5 866.5 1464.5 931.5 1426.5 814.5 1313.5 665.5
1539.167 1210.167 1538.833 1202.167 1531.833 1197.833 1522.167 1198.5 1580.167 1210.5 1576.167 1211.167 1576.833 1203.833 1590.25 1147 1586.75 1150.75 1582 1145.25 1520.75 1116 1522.25 1120.25 1516.5 1118.5 1656.5 1282.5 1735.5 1192.5 1706.5 1183.5 1718.5 1108.167 1682.5 962.167 1649.833 992.167 1603.167 913.833 1467.167 818.833
1340.5 1305.5 1344 1293.5 1334 1285.5 1322.5 1285 1420.5 1329.5 1410 1331 1410.5 1318.5 1449.5 1229.25 1446.25 1233 1441.75 1223.5 1347.5 1151.5 1347.75 1157 1338.5 1155 1556.5 1444.5 1706.5 1295.5 1635.5 1281.5 1704.5 1159.5 1601.5 917.5 1521.167 999.5 1461.167 894.167 1277.5 787.5
1376 1209 1374.167 1199.833 1379.5 1194.5 1380.833 1185.833 1328.833 1206.5 1338.167 1213.167 1342.833 1194.5 1322 1119 1320 1128 1335 1124.5 1383.167 1103.833 1381.167 1113.833 1391.167 1111.833 1193.833 1225.833 1159.167 1065.833 1208.5 1089.167 1199.167 1024.5 1300.5 990.5 1326.167 1004.5 1342.167 1007.833 1397.5 987.167
1357.5 1208.833 1359.167 1198.167 1350.833 1191.833 1340.5 1190.833 1414.5 1220.5 1406.5 1220 1411 1213.5 1434.833 1139.833 1430.5 1144.167 1427.167 1136.5 1371 1054 1370.25 1060.25 1365 1055.25 1546.167 1318.833 1651.5 1187.833 1610.167 1173.833 1648.833 1087.167 1637.5 902.5 1553.5 948.5 1523.5 849.5 1449.5 650.5
1397.5 1199.5 1400.5 1188 1380 1186.5 1368 1188 1480.5 1195.833 1475.5 1199.5 1472.5 1191.5 1474.167 1091.5 1471.5 1099.833 1462.167 1092.167 1361 1021.25 1362.25 1027.75 1356 1027 1657.5 1247.5 1704.5 1040.5 1658.5 1073.5 1674.5 943.5 1570.5 765.5 1504.5 847.5 1484.167 764.5 1442.833 673.833
1422.5 1216 1420.5 1204.5 1410.5 1199 1400 1199 1472.75 1216.75 1466.75 1219 1466.75 1208.75 1488.667 1136.333 1485.333 1140.833 1481.167 1135 1421.167 1073.333 1420.833 1079.5 1414.833 1075.667 1611.5 1296.5 1697.5 1108 1653.5 1126.5 1672 1041.5 1580 879 1515.833 946.833 1485.167 886.833 1295.167 800.5
1601.75 1189.25 1600 1182.25 1593.5 1176.75 1587 1176.5 1650.5 1201 1645.5 1200.75 1647 1194.75 1666.25 1128.5 1663.75 1131.25 1659.5 1126.5 1598.167 1082.833 1598.833 1090.167 1591.5 1083.833 1754.167 1309.167 1859.833 1140.167 1821.167 1144.167 1867.833 1057.5 1813.5 908.833 1741.5 924.833 1653.5 842.167 1446.833 828.5
1360 1198.25 1359.75 1189 1370.75 1189 1379.5 1190.5 1319.75 1189.5 1324.5 1193.25 1326.75 1187 1303.333 1092.667 1304.333 1097.167 1310.667 1095 1400.667 1076.167 1398.667 1079.167 1405 1079.833 1163.5 1194 1127.5 1024.167 1166.167 1052.833 1158.167 964.833 1282.5 802.5 1284.5 877.5 1333.5 814.5 1503.833 702.167
1605.833 1112.5 1611.167 1099.167 1569.833 1092.5 1558.5 1093.833 1678.5 1129.833 1670.5 1130.5 1674.5 1119.833 1738 990 1731.5 995 1725 985.5 1554 921.25 1555.5 930 1547.5 927.25 1933.5 1330.5 2105.5 950.5 2040.5 970.5 2046.833 801.5 1988.833 669.833 1847.5 720.5 1773.5 585.5 1507.5 433.5
1451 1160 1448.833 1148.833 1434.167 1146.167 1422.833 1146.167 1520.833 1155.833 1512.167 1156.167 1514.167 1145.833 1538.833 1059.833 1534.167 1065.5 1527.833 1057.5 1416.75 986 1418.25 994.25 1409.25 993 1663.167 1288.833 1792.167 1088.5 1752.167 1071.167 1801.5 1017.833 1748.167 751.167 1661.5 805.833 1602.833 669.833 1367.5 523.5
1657.833 1104.5 1655.167 1096.5 1649.833 1091.5 1642.5 1091.5 1706.833 1104.5 1700.5 1105.833 1698.833 1098.5 1729.5 1025.167 1727.167 1029.167 1723.167 1023.833 1654 971 1654.5 976.5 1648 971 1841.5 1157.5 1889.5 1026.833 1866.833 1024.167 1881.5 964.833 1874.5 819.5 1805.5 860.833 1809.5 800.833 1732.5 650.5
1548 1303.75 1546.25 1298.25 1531 1299.5 1522.75 1299.75 1599.5 1301 1595.25 1303 1594.25 1297 1602.75 1226.25 1600.25 1229 1596.25 1224.75 1522.75 1170.5 1523.25 1174.5 1515 1172.75 1721.5 1345.5 1763.5 1221.5 1736.5 1229.5 1761.5 1140.5 1710.5 986.5 1653.5 1044.5 1645.5 977.5 1506.833 850.5
1584.167 1244.833 1582.833 1232.833 1601.833 1232.167 1615.167 1232.167 1490 1245 1496.25 1246.5 1494.5 1238.5 1488 1138.25 1492.25 1144.25 1498.5 1138.25 1603 1066.75 1602 1073 1611 1072.25 1238.833 1325.167 1217.167 1109.167 1231.833 1112.5 1177.5 976.5 1326.5 756.5 1420.5 830.5 1470.5 704.5 1726.5 509.5
1474.5 1309.667 1473.333 1303.167 1479.5 1297.5 1486.167 1297.167 1418.5 1299.167 1422 1302.167 1425 1295.667 1418 1222.167 1419.167 1227.167 1425 1223.833 1491.25 1183 1490 1188.75 1499.75 1189 1294.5 1316.5 1255.167 1152.167 1292.5 1156.833 1302.5 1082.167 1450.5 1021.5 1442.5 1054.5 1454.5 1012.5 1491.5 997.5
1229.75 1200.5 1232.25 1196.75 1209.5 1193.5 1201.5 1193.5 1255.75 1214.5 1253 1214.25 1254 1210.75 1263.5 1171.5 1262.5 1173.5 1260.167 1170 1202.25 1145.25 1205.875 1148.625 1202 1150.5 1271.5 1243 1320.5 1222 1306.5 1204.5 1326.5 1134.5 1305 1076 1270.5 1082.5 1205.833 1049.833 1182.5 1125.833
1450.833 1213.833 1451.5 1203.5 1437.167 1202.167 1428.833 1202.167 1511.25 1212.5 1505.5 1214.75 1506 1206.5 1524 1115.833 1522.667 1119.5 1517.5 1115.5 1437.75 1059.75 1438.125 1063.75 1432.5 1062.625 1659 1278 1719.5 1107 1677 1118 1715.5 1029.833 1655.167 851.833 1585.833 893.167 1590.5 836.5 1534.5 670.5
1497 1079.25 1497 1072.5 1487.5 1072 1481.5 1071.5 1543.667 1077.5 1538.667 1079.5 1539.333 1073.833 1543.375 1019.125 1540.625 1022.125 1537 1018.625 1488 966.333 1488 970.5 1482.333 969 1652.833 1110.5 1675.5 954.5 1654.167 963.833 1646.167 913.833 1591.5 889.833 1558.167 910.5 1557.5 884.5 1575.5 636.5
1650.167 1215.833 1648.5 1206.167 1681.167 1210.167 1690.833 1207.5 1588.25 1214.5 1594.25 1217.75 1593.5 1209 1554 1095.25 1555.25 1100 1562.75 1097 1659.5 1040.833 1656.833 1046.5 1664.167 1045.833 1297.5 1295.5 1248.5 955.5 1320.5 987.5 1327.5 841.5 1584.167 694.167 1605.5 815.5 1706.833 796.833 1821.5 778.5
1481.5 1223 1485 1209 1470.5 1209 1463 1209.5 1557.167 1221.5 1548.833 1224.5 1551.833 1215.833 1552.25 1145.5 1549.75 1151.5 1544.5 1145 1469.833 1080.167 1470.167 1085.333 1463.833 1084 1729.5 1251.5 1799.5 1080.5 1762.5 1091.5 1760.833 1018.5 1700.833 833.167 1630.167 891.833 1563.5 813.5 1422.5 848.5
1379.167 1116.167 1378.5 1107.833 1370.833 1099.833 1363.5 1100.833 1419.833 1111.167 1416.167 1115.167 1413.5 1104.833 1416.5 1049.833 1413.5 1056.833 1408.833 1053.5 1352.5 1012.25 1352.5 1016.75 1346.25 1015 1571.5 1131.5 1584 984 1564 1007 1556.5 926.5 1480.5 842.5 1461.5 872.5 1460.833 860.167 1431.5 682.833
1474.5 1125.833 1471.5 1119.833 1459.167 1117.167 1451.5 1116.5 1510.5 1119.5 1505.167 1123.833 1503.167 1114.167 1530 1056 1528 1061 1520.75 1055.5 1471.5 997.25 1471.5 1003 1464 1000.75 1657.5 1184.5 1730.5 1035.5 1689.5 1036.5 1712.5 957.5 1697.5 807.5 1618.5 855.5 1592.833 779.167 1424.833 627.167
1733.167 1251.167 1732.5 1240.5 1719.833 1239.833 1710.833 1240.167 1825.833 1222.5 1823.833 1231.167 1805.833 1220.5 1783.167 1129.5 1780.5 1138.167 1773.833 1133.167 1672.75 1113 1676.75 1117.5 1672.5 1118.75 1909.5 1192.5 1934.5 1150.5 1917.5 1143.5 1918.5 947.5 1797.5 788.5 1716.5 900.5 1641.5 887.833 1568.167 890.5
1615.167 1159.167 1619.833 1149.167 1643.167 1159.167 1653.5 1162.5 1551 1127 1559 1133.5 1564 1124.5 1602.5 1041.5 1600.5 1049 1614 1047.5 1648.167 990.167 1645.167 1002.167 1655.833 1002.833 1380.5 1016.5 1432.5 895.5 1458.5 910.5 1524.5 832.5 1592.5 782.5 1604.5 860.5 1632.5 856.5 1692.5 820.5
1537.167 1142.833 1537.5 1133.5 1556.167 1133.833 1566.167 1132.833 1480 1141 1488 1144.5 1486.5 1133.5 1470 1043 1472 1050 1481.5 1045.5 1550.167 888.833 1548.833 894.167 1557.833 892.5 1281.5 1213.5 1253.5 954.833 1296.167 992.167 1297.5 869.5 1482.833 696.167 1486.833 794.833 1621.5 776.167 1583.5 824.5
1551.5 1218.5 1553.833 1211.833 1543.5 1205.833 1537.833 1202.833 1586.5 1228.833 1581.5 1230.167 1584.167 1220.833 1624.5 1157.833 1619.167 1162.833 1616.833 1153.167 1573.5 1120.167 1574.167 1125.833 1566.833 1122.167 1728.5 1276.5 1784.5 1211.5 1752.5 1182.5 1749.5 1115.5 1769.5 931.5 1702.5 1004.5 1686.5 949.5 1517.5 760.5
1340.167 1280.167 1340.5 1272.5 1351.5 1272.167 1362.167 1272.833 1288 1268.5 1294 1274.5 1298.5 1267.5 1288.833 1190.5 1289.167 1196.167 1297.5 1193.5 1355.5 1166.833 1352.5 1171.833 1361.5 1173.5 1089.5 1235.167 1173.5 1132.5 1206.833 1141.833 1197.5 1110.5 1219.5 930.5 1270.5 1012.5 1323.5 946.5 1396.5 991.5
1583.5 1176.5 1578.5 1165 1567 1159.5 1559 1159.5 1652.5 1184.5 1647.5 1188 1648 1175.5 1686.5 1062 1683.5 1067.5 1676 1062.5 1573 968 1571.5 977.5 1565.5 974 1846.5 1295.5 1984.5 1057.5 1918.5 1059.5 1952.5 957.5 1906.5 725.5 1800.5 805.5 1766.5 687.5 1524.5 483.5
1559.167 1240.5 1557.5 1235.833 1551.833 1230.833 1546.5 1229.167 1602.5 1225.833 1599.5 1229.833 1596.167 1223.833 1615 1165 1609.5 1172.5 1605 1166 1545.5 1128.167 1546.167 1136.167 1536.167 1133.5 1740.5 1248.5 1693.5 1137.5 1670.5 1154.5 1690.5 1092.5 1659.5 1018.5 1624.5 1023.5 1593.5 1009.5 1520.5 825.5
1358.167 1263.833 1355.167 1256.167 1338 1254 1330 1254 1429.333 1255.667 1426.333 1259.333 1423.833 1252.333 1418.75 1111 1418.25 1116.5 1411.25 1112 1323.167 1155.833 1326.167 1163.167 1317.833 1161.5 1600.5 1329.5 1640.5 983.5 1624.5 1019.5 1576.5 929.5 1478.5 817.5 1436.5 931.5 1386.833 902.5 1337.5 809.167
1326.5 787 1329 777 1312 766 1298 764 1388 816 1378.5 814.5 1383.5 802.5 1449.5 700 1445 706 1439 696.5 1326.5 589 1326 596 1317.5 594 1557.5 991.5 1789.5 766.5 1721.5 762.5 1802.5 629.5 1735.5 305.5 1623.5 396.5 1551.5 259.5 1437.5 75.5
1466.5 783.167 1462.5 776.833 1447.5 772.833 1441.5 772.833 1527.5 788.75 1521 789.75 1524.5 785.25 1543 703.25 1542 706.25 1536.25 700.75 1438.833 622.167 1441.5 628.167 1432.167 625.5 1657.5 902.5 1782.5 736.5 1736.5 721.5 1776.5 588.5 1664.5 390.5 1614.5 443.5 1567.5 357.5 1481.833 251.5
1726.5 886.5 1730 877 1686.5 878.5 1675 877 1780 898 1774.5 899 1775.5 891.5 1808 814 1805 820 1796.5 810.5 1699 738.5 1696 746.5 1686 741.5 1941 1004.5 1958.5 882.167 1958.5 863.5 2058.5 764.833 2042.5 510.167 1926.5 567.5 1874.5 455.5 1730.5 254.5
1530.167 979.833 1529.167 971.5 1540.833 967.5 1548.5 969.5 1403.333 963.667 1407.667 964.5 1407.833 960 1446.75 864.75 1449.25 869 1453.25 864.25 1549.75 817.5 1549.75 822.75 1557.5 819.5 1241.5 1017.5 1187.5 867.5 1251.5 870.5 1217.5 802.5 1253.5 628.5 1341.5 657.5 1360.5 557.5 1593.5 326.5
1497 937 1497.5 927.5 1481 920 1472 920 1556 964.25 1551.75 964.25 1553.75 955.25 1588.75 869.5 1584 873.5 1579.5 864.75 1492.167 775 1492.5 781 1485.833 779 1698.5 1094.5 1821.5 909.5 1783.5 923.5 1838.5 805.5 1808.5 551.833 1715.167 586.5 1605.833 473.167 1567.5 429.5
1370 1050 1367.5 1041.5 1408 1048 1419.5 1050 1322.5 1051 1329.5 1055 1333 1043 1316.167 966.167 1319.5 972.833 1325.833 967.5 1431.5 880.833 1430.5 886.833 1438.167 884.833 1130.5 1152.5 1093.5 917.5 1108.5 897.5 1090.5 812.5 1174.5 605.5 1264.5 700.5 1285.167 620.833 1303.833 431.5
1461.5 870.167 1462.5 862.167 1453.5 857.167 1447.5 855.5 1500.833 882.167 1495.5 883.833 1499.167 873.167 1536.833 815.833 1533.167 819.5 1529.833 812.167 1479.25 734.75 1478.75 739.5 1472.25 736.5 1646.5 982.5 1727.5 880.5 1711.5 864.5 1756.5 763.167 1735.167 575.167 1655.167 609.833 1613.833 533.833 1462.5 415.5
1636 1115.5 1631 1106 1641.5 1099 1650.5 1099.5 1578.833 1128.5 1586.833 1130.167 1585.5 1118.167 1541.5 1026.25 1545 1031.5 1551.25 1025.25 1639.25 925.5 1638.75 929.5 1645.75 928.5 1386.833 1270.5 1249.5 1048.5 1316.5 1049.5 1269.5 927.5 1351.5 678.5 1449.5 737.5 1508.833 639.167 1695.5 540.5
1818 1136 1816.5 1127.5 1828.5 1126 1838 1125.5 1735 1144.5 1742.5 1148.5 1742 1137.5 1730.5 1040 1733.5 1046.5 1740.5 1041.5 1859.5 984.833 1856.5 991.167 1866.167 992.833 1523.833 1258.167 1415.833 975.5 1473.167 987.5 1467.833 875.5 1615.833 643.5 1706.5 726.167 1764.5 637.5 2030.5 569.5
1639.5 1254.5 1639.5 1244 1633 1243 1624 1241.5 1680 1265 1671.5 1268 1673 1254.5 1712.5 1194 1709.5 1199 1702 1191.5 1651.5 1146 1649.5 1155 1641 1148 1814.5 1337.5 1911.5 1203.5 1865.5 1215.5 1902.5 1139.5 1876.5 930.5 1793.5 1018.5 1788.5 945.5 1625.5 780.5
1661 1304 1659.833 1289.167 1635.167 1291.833 1623.833 1287.833 1720.5 1297.167 1713.167 1303.833 1711.833 1293.167 1743.833 1187.833 1739.833 1197.167 1732.5 1188.5 1616.5 1146.5 1616.5 1154.5 1606.5 1154 1941.5 1381.5 1927.5 1125.5 1923.5 1083.5 1937.5 1053.5 2013.5 921.5 1845.5 955.5 1783.5 845.5 1581.5 897.5
2000 1052 1996.5 1042.5 1979.167 1031.833 1970.5 1032.5 2090.5 1052.5 2079.833 1058.5 2079.167 1045.167 2090.833 935.833 2087.833 942.5 2080.833 935.167 1964.5 838.833 1965.833 845.833 1957.833 841.833 2350.167 1156.5 2421.167 897.833 2363.833 893.833 2356.5 781.5 2368.5 525.5 2250.5 621.5 2184.5 519.5 1952.5 272.5
1785 1087.5 1782.5 1075.5 1797.5 1073.5 1808.5 1074 1732.167 1078.833 1738.167 1084.167 1737.833 1072.833 1715.5 981.167 1719.167 986.167 1724.167 981.167 1787.5 903.167 1784.833 910.167 1793.833 907.833 1516.5 1161.833 1434.5 919.5 1498.5 931.5 1518.5 807.5 1630.5 689.5 1672.5 741.5 1716.5 719.5 1764.5 501.5
1818 851.5 1814 841.5 1804.5 834.5 1797 831 1872.5 862 1863 865 1866 855.5 1905 773 1900.5 779.5 1896 773.5 1831.5 705 1831 710 1823.5 706 2025.5 967.833 2120.167 779.833 2078.833 779.833 2101.5 706.5 2081.5 503.833 2026.833 569.167 1994.833 495.833 1937.5 343.833
1661.5 1314.5 1648.5 1312.5 1633 1313.5 1624.5 1311.5 1704.167 1320.833 1697.5 1323.5 1695.833 1317.167 1720.5 1284.5 1716.833 1288.167 1712.167 1280.5 1649.167 1237.833 1646.5 1245.5 1642.167 1240.167 1772.5 1375.5 1828.5 1332.5 1810.5 1320.5 1851.5 1284.5 1838.5 1159.5 1792.5 1173.5 1777.5 1090.5 1644.167 1042.5
2047.75 907.5 2052.5 895.75 2037.75 889.25 2029 887.25 2106.75 929.5 2099 930 2102.75 919.25 2152.167 835.5 2149.333 839.667 2144.167 830.833 2062.75 722.25 2061.75 730 2053.75 726.25 2252.5 1076.167 2488.5 885.5 2422.5 879.5 2488.5 761.5 2450.5 491.5 2336.5 557.5 2330.5 425.5 2070.5 201.5
2004 983 2004.833 967.5 2044.167 985.5 2061.5 990.833 1934.833 977.5 1944.833 984.833 1947.5 968.167 1879.5 825.167 1882.833 835.167 1894.167 827.833 2082.5 717.167 2079.167 724.5 2088.833 720.5 1612.5 1209.5 1377.5 854.5 1481.5 840.5 1443.5 622.5 1519.5 217.5 1821.5 326.5 1908.5 203.5 2006.5 115.5
1498.5 1151 1498.5 1141.5 1479 1142 1471.5 1141.5 1576.833 1148.5 1572.167 1150.167 1570.833 1140.5 1581.75 1036.5 1580.25 1039.75 1573.5 1036.25 1458.5 984.75 1460.75 989.5 1453 989.25 1744.5 1219.5 1850.5 1006.5 1796.5 1003.5 1802.5 885.5 1660.5 682.5 1624.5 752.5 1571.5 724.5 1461.5 732.5
1625.5 1289.167 1625.5 1279.833 1577.167 1279.5 1567.5 1278.833 1686.167 1300.833 1681.5 1302.167 1681.833 1293.167 1727.75 1178.5 1725 1182.75 1718.75 1176.5 1594.25 1126.25 1595.25 1133 1587.75 1130 1848.5 1411.5 2003.5 1208.5 1950.5 1197.5 1913.5 1071.5 1844.833 970.5 1783.5 989.5 1743.5 928.167 1490.5 634.5
1732 1279 1737.5 1266.5 1722.833 1262.5 1709.5 1267.167 1825.5 1288 1819 1292.5 1816.5 1278.5 1840 1144.5 1836.5 1150.5 1828 1142.5 1686.167 1076.5 1689.5 1084.5 1679.167 1082.167 2089.5 1398.5 2182.5 1118.5 2118.5 1134.5 2141.167 995.833 2036.5 737.167 1931.5 804.5 1841.5 656.5 1683.5 494.5
2017 974 2021.5 961.5 2008.5 951.5 1994 950 2121.5 996 2113.5 997.25 2117.25 988 2145.5 854.25 2142 862 2136.5 852 1995.167 760 1995.667 767.5 1986.833 761.5 2359.5 1173.5 2528.833 808.833 2435.5 827.5 2481.5 705.5 2382.5 440.5 2259.833 513.167 2169.167 363.833 1971.833 197.167
1883.5 1177 1889.5 1166 1880.5 1154.5 1864.5 1156.5 1997.5 1212.5 1989.167 1215.167 1992.167 1202.167 2057.5 1024.167 2050.167 1030.833 2044.167 1018.167 1888.5 876.75 1889 885.75 1877.5 884.75 2285.5 1401.5 2451.5 1183.5 2375.167 1147.5 2512.5 968.5 2412.5 510.5 2270.5 574.5 2205.5 414.5 1896.5 61.5
