,V1
1,31.1286627699216
2,24.9205220584043
3,10.6536627642919
4,9.23410824455774
5,4.80113391605201
6,4.3435053034657
7,2.68140188672654
8,2.19573059130418
9,1.75127254131379
10,1.42306383377944
11,1.12428380232939
12,1.0859703548638
13,0.897431880920589
14,0.796140204943193
15,0.622272805557563
16,0.572271625400384
17,0.430499578621885
18,0.421003366568218
19,0.270162263507335
20,0.246629555150526
21,0.154962181171144
22,0.105270316479098
23,0.0470204369201377
24,0.0239785437069841
25,0.0177934343816669
26,0.00992434890486165
27,0.00875010465396218
28,0.00713146695380743
29,0.00482700261543096
30,0.00400116559688506
31,0.00372461271605704
32,0.002686358143673
33,0.00223843704128732
34,0.00210031129128592
35,0.00163056937237332
36,0.00160471165521068
37,0.00101375344209474
38,0.000941194393718733
39,0.000671697436199093
40,5.44403987720417e-09
41,2.85802552990124e-28
42,1.45071112834143e-28
