,V1
1,26.497241829098
2,16.5038868186438
3,12.0241399355289
4,8.54073469423167
5,7.49288539006729
6,5.23765503206563
7,4.56496398321897
8,3.9353198343813
9,2.86013615838241
10,2.29937586674051
11,2.12360687287543
12,1.61518983371931
13,1.30224082264151
14,1.24844857386591
15,0.94716497178707
16,0.661707671614499
17,0.489507493861706
18,0.42447142893301
19,0.406808598987344
20,0.286686985390225
21,0.213219044466615
22,0.179429035517924
23,0.0569214341064628
24,0.0317255498855646
25,0.0113744471105632
26,0.00816881588467439
27,0.00658477761090681
28,0.00554020158192389
29,0.00518934785547973
30,0.0039085403267275
31,0.00364521118716101
32,0.00305840676962624
33,0.0024915677843648
34,0.00173359015220006
35,0.00153669116760815
36,0.00126544289804683
37,0.000952262846850754
38,0.000690873993233731
39,0.000391903960086977
40,5.88595304581369e-08
41,1.16018120822168e-27
42,3.22244028387262e-28
